IstTemp[K]=293.00

 800.000,2.432E-05
 800.350,2.433E-05
 800.700,2.434E-05
 801.050,2.426E-05
 801.400,2.426E-05
 801.750,2.432E-05
 802.100,2.434E-05
 802.450,2.422E-05
 802.800,2.424E-05
 803.150,2.419E-05
 803.500,2.412E-05
 803.850,2.413E-05
 804.200,2.415E-05
 804.550,2.415E-05
 804.900,2.413E-05
 805.250,2.416E-05
 805.600,2.417E-05
 805.950,2.412E-05
 806.300,2.416E-05
 806.650,2.416E-05
 807.000,2.415E-05
 807.350,2.412E-05
 807.700,2.411E-05
 808.050,2.411E-05
 808.400,2.411E-05
 808.750,2.403E-05
 809.100,2.407E-05
 809.450,2.411E-05
 809.800,2.408E-05
 810.150,2.408E-05
 810.500,2.416E-05
 810.850,2.417E-05
 811.200,2.408E-05
 811.550,2.404E-05
 811.900,2.407E-05
 812.250,2.408E-05
 812.600,2.405E-05
 812.950,2.410E-05
 813.300,2.409E-05
 813.650,2.411E-05
 814.000,2.407E-05
 814.350,2.411E-05
 814.700,2.416E-05
 815.050,2.415E-05
 815.400,2.410E-05
 815.750,2.411E-05
 816.100,2.417E-05
 816.450,2.420E-05
 816.800,2.419E-05
 817.150,2.415E-05
 817.500,2.416E-05
 817.850,2.418E-05
 818.200,2.421E-05
 818.550,2.417E-05
 818.900,2.418E-05
 819.250,2.420E-05
 819.600,2.422E-05
 819.950,2.419E-05
 820.300,2.418E-05
 820.650,2.419E-05
 821.000,2.415E-05
 821.350,2.417E-05
 821.700,2.416E-05
 822.050,2.413E-05
 822.400,2.416E-05
 822.750,2.412E-05
 823.100,2.409E-05
 823.450,2.412E-05
 823.800,2.411E-05
 824.150,2.410E-05
 824.500,2.412E-05
 824.850,2.409E-05
 825.200,2.412E-05
 825.550,2.413E-05
 825.900,2.412E-05
 826.250,2.416E-05
 826.600,2.414E-05
 826.950,2.412E-05
 827.300,2.416E-05
 827.650,2.416E-05
 828.000,2.418E-05
 828.350,2.415E-05
 828.700,2.412E-05
 829.050,2.419E-05
 829.400,2.421E-05
 829.750,2.421E-05
 830.100,2.418E-05
 830.450,2.423E-05
 830.800,2.421E-05
 831.150,2.422E-05
 831.500,2.422E-05
 831.850,2.414E-05
 832.200,2.415E-05
 832.550,2.418E-05
 832.900,2.417E-05
 833.250,2.419E-05
 833.600,2.421E-05
 833.950,2.421E-05
 834.300,2.427E-05
 834.650,2.435E-05
 835.000,2.436E-05
 835.350,2.445E-05
 835.700,2.458E-05
 836.050,2.473E-05
 836.400,2.504E-05
 836.750,2.519E-05
 837.100,2.504E-05
 837.450,2.494E-05
 837.800,2.485E-05
 838.150,2.471E-05
 838.500,2.468E-05
 838.850,2.463E-05
 839.200,2.453E-05
 839.550,2.448E-05
 839.900,2.438E-05
 840.250,2.434E-05
 840.600,2.430E-05
 840.950,2.429E-05
 841.300,2.426E-05
 841.650,2.436E-05
 842.000,2.437E-05
 842.350,2.434E-05
 842.700,2.430E-05
 843.050,2.436E-05
 843.400,2.434E-05
 843.750,2.430E-05
 844.100,2.431E-05
 844.450,2.435E-05
 844.800,2.440E-05
 845.150,2.438E-05
 845.500,2.436E-05
 845.850,2.437E-05
 846.200,2.437E-05
 846.550,2.441E-05
 846.900,2.438E-05
 847.250,2.437E-05
 847.600,2.435E-05
 847.950,2.434E-05
 848.300,2.444E-05
 848.650,2.437E-05
 849.000,2.436E-05
 849.350,2.435E-05
 849.700,2.439E-05
 850.050,2.434E-05
 850.400,2.441E-05
 850.750,2.441E-05
 851.100,2.446E-05
 851.450,2.459E-05
 851.800,2.454E-05
 852.150,2.453E-05
 852.500,2.451E-05
 852.850,2.449E-05
 853.200,2.449E-05
 853.550,2.457E-05
 853.900,2.461E-05
 854.250,2.453E-05
 854.600,2.456E-05
 854.950,2.460E-05
 855.300,2.462E-05
 855.650,2.467E-05
 856.000,2.467E-05
 856.350,2.474E-05
 856.700,2.473E-05
 857.050,2.476E-05
 857.400,2.480E-05
 857.750,2.477E-05
 858.100,2.483E-05
 858.450,2.481E-05
 858.800,2.486E-05
 859.150,2.489E-05
 859.500,2.491E-05
 859.850,2.493E-05
 860.200,2.485E-05
 860.550,2.488E-05
 860.900,2.493E-05
 861.250,2.491E-05
 861.600,2.494E-05
 861.950,2.503E-05
 862.300,2.500E-05
 862.650,2.505E-05
 863.000,2.503E-05
 863.350,2.501E-05
 863.700,2.501E-05
 864.050,2.504E-05
 864.400,2.500E-05
 864.750,2.508E-05
 865.100,2.514E-05
 865.450,2.511E-05
 865.800,2.514E-05
 866.150,2.517E-05
 866.500,2.510E-05
 866.850,2.512E-05
 867.200,2.515E-05
 867.550,2.513E-05
 867.900,2.516E-05
 868.250,2.523E-05
 868.600,2.521E-05
 868.950,2.517E-05
 869.300,2.516E-05
 869.650,2.513E-05
 870.000,2.514E-05
 870.350,2.517E-05
 870.700,2.527E-05
 871.050,2.528E-05
 871.400,2.528E-05
 871.750,2.533E-05
 872.100,2.542E-05
 872.450,2.547E-05
 872.800,2.553E-05
 873.150,2.549E-05
 873.500,2.546E-05
 873.850,2.543E-05
 874.200,2.547E-05
 874.550,2.548E-05
 874.900,2.551E-05
 875.250,2.549E-05
 875.600,2.552E-05
 875.950,2.557E-05
 876.300,2.558E-05
 876.650,2.556E-05
 877.000,2.556E-05
 877.350,2.558E-05
 877.700,2.568E-05
 878.050,2.569E-05
 878.400,2.570E-05
 878.750,2.573E-05
 879.100,2.577E-05
 879.450,2.582E-05
 879.800,2.584E-05
 880.150,2.578E-05
 880.500,2.580E-05
 880.850,2.581E-05
 881.200,2.583E-05
 881.550,2.573E-05
 881.900,2.576E-05
 882.250,2.582E-05
 882.600,2.581E-05
 882.950,2.578E-05
 883.300,2.570E-05
 883.650,2.568E-05
 884.000,2.573E-05
 884.350,2.573E-05
 884.700,2.572E-05
 885.050,2.571E-05
 885.400,2.580E-05
 885.750,2.574E-05
 886.100,2.573E-05
 886.450,2.577E-05
 886.800,2.571E-05
 887.150,2.576E-05
 887.500,2.577E-05
 887.850,2.576E-05
 888.200,2.570E-05
 888.550,2.570E-05
 888.900,2.574E-05
 889.250,2.575E-05
 889.600,2.568E-05
 889.950,2.571E-05
 890.300,2.565E-05
 890.650,2.563E-05
 891.000,2.560E-05
 891.350,2.555E-05
 891.700,2.556E-05
 892.050,2.552E-05
 892.400,2.551E-05
 892.750,2.544E-05
 893.100,2.540E-05
 893.450,2.540E-05
 893.800,2.543E-05
 894.150,2.542E-05
 894.500,2.544E-05
 894.850,2.536E-05
 895.200,2.529E-05
 895.550,2.528E-05
 895.900,2.528E-05
 896.250,2.531E-05
 896.600,2.534E-05
 896.950,2.544E-05
 897.300,2.540E-05
 897.650,2.539E-05
 898.000,2.542E-05
 898.350,2.542E-05
 898.700,2.541E-05
 899.050,2.537E-05
 899.400,2.530E-05
 899.750,2.525E-05
 900.100,2.516E-05
 900.450,2.509E-05
 900.800,2.506E-05
 901.150,2.506E-05
 901.500,2.503E-05
 901.850,2.494E-05
 902.200,2.495E-05
 902.550,2.498E-05
 902.900,2.492E-05
 903.250,2.491E-05
 903.600,2.481E-05
 903.950,2.472E-05
 904.300,2.474E-05
 904.650,2.472E-05
 905.000,2.471E-05
 905.350,2.472E-05
 905.700,2.466E-05
 906.050,2.460E-05
 906.400,2.457E-05
 906.750,2.459E-05
 907.100,2.459E-05
 907.450,2.461E-05
 907.800,2.464E-05
 908.150,2.466E-05
 908.500,2.461E-05
 908.850,2.461E-05
 909.200,2.456E-05
 909.550,2.459E-05
 909.900,2.461E-05
 910.250,2.466E-05
 910.600,2.469E-05
 910.950,2.458E-05
 911.300,2.453E-05
 911.650,2.454E-05
 912.000,2.451E-05
 912.350,2.446E-05
 912.700,2.444E-05
 913.050,2.442E-05
 913.400,2.440E-05
 913.750,2.446E-05
 914.100,2.443E-05
 914.450,2.446E-05
 914.800,2.447E-05
 915.150,2.444E-05
 915.500,2.443E-05
 915.850,2.440E-05
 916.200,2.445E-05
 916.550,2.451E-05
 916.900,2.446E-05
 917.250,2.443E-05
 917.600,2.437E-05
 917.950,2.434E-05
 918.300,2.437E-05
 918.650,2.431E-05
 919.000,2.432E-05
 919.350,2.429E-05
 919.700,2.427E-05
 920.050,2.434E-05
 920.400,2.434E-05
 920.750,2.434E-05
 921.100,2.439E-05
 921.450,2.441E-05
 921.800,2.448E-05
 922.150,2.449E-05
 922.500,2.455E-05
 922.850,2.452E-05
 923.200,2.449E-05
 923.550,2.450E-05
 923.900,2.454E-05
 924.250,2.455E-05
 924.600,2.456E-05
 924.950,2.458E-05
 925.300,2.456E-05
 925.650,2.455E-05
 926.000,2.458E-05
 926.350,2.457E-05
 926.700,2.462E-05
 927.050,2.463E-05
 927.400,2.461E-05
 927.750,2.465E-05
 928.100,2.463E-05
 928.450,2.466E-05
 928.800,2.479E-05
 929.150,2.471E-05
 929.500,2.468E-05
 929.850,2.471E-05
 930.200,2.466E-05
 930.550,2.461E-05
 930.900,2.467E-05
 931.250,2.462E-05
 931.600,2.462E-05
 931.950,2.460E-05
 932.300,2.460E-05
 932.650,2.462E-05
 933.000,2.461E-05
 933.350,2.462E-05
 933.700,2.461E-05
 934.050,2.460E-05
 934.400,2.448E-05
 934.750,2.441E-05
 935.100,2.455E-05
 935.450,2.454E-05
 935.800,2.449E-05
 936.150,2.450E-05
 936.500,2.456E-05
 936.850,2.460E-05
 937.200,2.452E-05
 937.550,2.455E-05
 937.900,2.457E-05
 938.250,2.447E-05
 938.600,2.457E-05
 938.950,2.466E-05
 939.300,2.464E-05
 939.650,2.469E-05
 940.000,2.470E-05
 940.350,2.466E-05
 940.700,2.465E-05
 941.050,2.465E-05
 941.400,2.459E-05
 941.750,2.462E-05
 942.100,2.456E-05
 942.450,2.461E-05
 942.800,2.449E-05
 943.150,2.441E-05
 943.500,2.452E-05
 943.850,2.459E-05
 944.200,2.447E-05
 944.550,2.440E-05
 944.900,2.460E-05
 945.250,2.461E-05
 945.600,2.459E-05
 945.950,2.452E-05
 946.300,2.450E-05
 946.650,2.448E-05
 947.000,2.453E-05
 947.350,2.448E-05
 947.700,2.450E-05
 948.050,2.449E-05
 948.400,2.441E-05
 948.750,2.437E-05
 949.100,2.445E-05
 949.450,2.441E-05
 949.800,2.437E-05
 950.150,2.440E-05
 950.500,2.445E-05
 950.850,2.453E-05
 951.200,2.456E-05
 951.550,2.457E-05
 951.900,2.456E-05
 952.250,2.460E-05
 952.600,2.467E-05
 952.950,2.462E-05
 953.300,2.464E-05
 953.650,2.467E-05
 954.000,2.473E-05
 954.350,2.472E-05
 954.700,2.462E-05
 955.050,2.463E-05
 955.400,2.470E-05
 955.750,2.475E-05
 956.100,2.475E-05
 956.450,2.477E-05
 956.800,2.476E-05
 957.150,2.475E-05
 957.500,2.488E-05
 957.850,2.491E-05
 958.200,2.486E-05
 958.550,2.482E-05
 958.900,2.483E-05
 959.250,2.483E-05
 959.600,2.489E-05
 959.950,2.491E-05
 960.300,2.492E-05
 960.650,2.493E-05
 961.000,2.491E-05
 961.350,2.489E-05
 961.700,2.491E-05
 962.050,2.490E-05
 962.400,2.488E-05
 962.750,2.486E-05
 963.100,2.484E-05
 963.450,2.486E-05
 963.800,2.482E-05
 964.150,2.484E-05
 964.500,2.486E-05
 964.850,2.491E-05
 965.200,2.492E-05
 965.550,2.489E-05
 965.900,2.488E-05
 966.250,2.487E-05
 966.600,2.484E-05
 966.950,2.486E-05
 967.300,2.483E-05
 967.650,2.483E-05
 968.000,2.482E-05
 968.350,2.478E-05
 968.700,2.475E-05
 969.050,2.474E-05
 969.400,2.471E-05
 969.750,2.474E-05
 970.100,2.477E-05
 970.450,2.469E-05
 970.800,2.470E-05
 971.150,2.468E-05
 971.500,2.470E-05
 971.850,2.473E-05
 972.200,2.473E-05
 972.550,2.476E-05
 972.900,2.471E-05
 973.250,2.470E-05
 973.600,2.472E-05
 973.950,2.470E-05
 974.300,2.471E-05
 974.650,2.467E-05
 975.000,2.461E-05
 975.350,2.464E-05
 975.700,2.465E-05
 976.050,2.471E-05
 976.400,2.466E-05
 976.750,2.461E-05
 977.100,2.465E-05
 977.450,2.462E-05
 977.800,2.468E-05
 978.150,2.464E-05
 978.500,2.467E-05
 978.850,2.464E-05
 979.200,2.461E-05
 979.550,2.464E-05
 979.900,2.461E-05
 980.250,2.465E-05
 980.600,2.464E-05
 980.950,2.465E-05
 981.300,2.468E-05
 981.650,2.469E-05
 982.000,2.467E-05
 982.350,2.468E-05
 982.700,2.468E-05
 983.050,2.469E-05
 983.400,2.471E-05
 983.750,2.471E-05
 984.100,2.474E-05
 984.450,2.467E-05
 984.800,2.466E-05
 985.150,2.469E-05
 985.500,2.466E-05
 985.850,2.466E-05
 986.200,2.464E-05
 986.550,2.460E-05
 986.900,2.465E-05
 987.250,2.471E-05
 987.600,2.464E-05
 987.950,2.465E-05
 988.300,2.461E-05
 988.650,2.453E-05
 989.000,2.455E-05
 989.350,2.458E-05
 989.700,2.458E-05
 990.050,2.457E-05
 990.400,2.460E-05
 990.750,2.461E-05
 991.100,2.464E-05
 991.450,2.462E-05
 991.800,2.461E-05
 992.150,2.462E-05
 992.500,2.461E-05
 992.850,2.459E-05
 993.200,2.455E-05
 993.550,2.459E-05
 993.900,2.460E-05
 994.250,2.461E-05
 994.600,2.459E-05
 994.950,2.459E-05
 995.300,2.457E-05
 995.650,2.456E-05
 996.000,2.453E-05
 996.350,2.453E-05
 996.700,2.444E-05
 997.050,2.446E-05
 997.400,2.446E-05
 997.750,2.444E-05
 998.100,2.441E-05
 998.450,2.446E-05
 998.800,2.446E-05
 999.150,2.442E-05
 999.500,2.442E-05
 999.850,2.434E-05
1000.200,2.433E-05
1000.550,2.431E-05
1000.900,2.431E-05
1001.250,2.434E-05
1001.600,2.434E-05
1001.950,2.433E-05
1002.300,2.440E-05
1002.650,2.437E-05
1003.000,2.432E-05
1003.350,2.429E-05
1003.700,2.432E-05
1004.050,2.430E-05
1004.400,2.434E-05
1004.750,2.436E-05
1005.100,2.432E-05
1005.450,2.428E-05
1005.800,2.426E-05
1006.150,2.431E-05
1006.500,2.429E-05
1006.850,2.429E-05
1007.200,2.430E-05
1007.550,2.427E-05
1007.900,2.427E-05
1008.250,2.427E-05
1008.600,2.430E-05
1008.950,2.425E-05
1009.300,2.420E-05
1009.650,2.418E-05
1010.000,2.422E-05
1010.350,2.427E-05
1010.700,2.428E-05
1011.050,2.429E-05
1011.400,2.421E-05
1011.750,2.422E-05
1012.100,2.425E-05
1012.450,2.430E-05
1012.800,2.426E-05
1013.150,2.425E-05
1013.500,2.425E-05
1013.850,2.427E-05
1014.200,2.424E-05
1014.550,2.424E-05
1014.900,2.424E-05
1015.250,2.424E-05
1015.600,2.426E-05
1015.950,2.427E-05
1016.300,2.428E-05
1016.650,2.427E-05
1017.000,2.427E-05
1017.350,2.421E-05
1017.700,2.423E-05
1018.050,2.421E-05
1018.400,2.421E-05
1018.750,2.416E-05
1019.100,2.417E-05
1019.450,2.417E-05
1019.800,2.418E-05
1020.150,2.416E-05
1020.500,2.414E-05
1020.850,2.410E-05
1021.200,2.409E-05
1021.550,2.407E-05
1021.900,2.412E-05
1022.250,2.410E-05
1022.600,2.412E-05
1022.950,2.411E-05
1023.300,2.411E-05
1023.650,2.410E-05
1024.000,2.409E-05
1024.350,2.406E-05
1024.700,2.409E-05
1025.050,2.408E-05
1025.400,2.411E-05
1025.750,2.410E-05
1026.100,2.408E-05
1026.450,2.407E-05
1026.800,2.405E-05
1027.150,2.401E-05
1027.500,2.402E-05
1027.850,2.398E-05
1028.200,2.400E-05
1028.550,2.395E-05
1028.900,2.388E-05
1029.250,2.384E-05
1029.600,2.382E-05
1029.950,2.384E-05
1030.300,2.387E-05
1030.650,2.382E-05
1031.000,2.384E-05
1031.350,2.382E-05
1031.700,2.384E-05
1032.050,2.388E-05
1032.400,2.386E-05
1032.750,2.384E-05
1033.100,2.383E-05
1033.450,2.384E-05
1033.800,2.383E-05
1034.150,2.384E-05
1034.500,2.386E-05
1034.850,2.391E-05
1035.200,2.390E-05
1035.550,2.382E-05
1035.900,2.383E-05
1036.250,2.383E-05
1036.600,2.385E-05
1036.950,2.382E-05
1037.300,2.379E-05
1037.650,2.380E-05
1038.000,2.381E-05
1038.350,2.378E-05
1038.700,2.373E-05
1039.050,2.370E-05
1039.400,2.370E-05
1039.750,2.370E-05
1040.100,2.371E-05
1040.450,2.375E-05
1040.800,2.372E-05
1041.150,2.368E-05
1041.500,2.373E-05
1041.850,2.369E-05
1042.200,2.370E-05
1042.550,2.374E-05
1042.900,2.373E-05
1043.250,2.370E-05
1043.600,2.371E-05
1043.950,2.365E-05
1044.300,2.366E-05
1044.650,2.368E-05
1045.000,2.366E-05
1045.350,2.363E-05
1045.700,2.366E-05
1046.050,2.367E-05
1046.400,2.364E-05
1046.750,2.363E-05
1047.100,2.357E-05
1047.450,2.358E-05
1047.800,2.353E-05
1048.150,2.351E-05
1048.500,2.355E-05
1048.850,2.353E-05
1049.200,2.348E-05
1049.550,2.352E-05
1049.900,2.345E-05
1050.250,2.334E-05
1050.600,2.340E-05
1050.950,2.337E-05
1051.300,2.336E-05
1051.650,2.342E-05
1052.000,2.335E-05
1052.350,2.332E-05
1052.700,2.340E-05
1053.050,2.337E-05
1053.400,2.338E-05
1053.750,2.344E-05
1054.100,2.343E-05
1054.450,2.347E-05
1054.800,2.348E-05
1055.150,2.342E-05
1055.500,2.337E-05
1055.850,2.340E-05
1056.200,2.339E-05
1056.550,2.340E-05
1056.900,2.342E-05
1057.250,2.341E-05
1057.600,2.336E-05
1057.950,2.336E-05
1058.300,2.335E-05
1058.650,2.335E-05
1059.000,2.338E-05
1059.350,2.338E-05
1059.700,2.333E-05
1060.050,2.338E-05
1060.400,2.342E-05
1060.750,2.340E-05
1061.100,2.342E-05
1061.450,2.339E-05
1061.800,2.336E-05
1062.150,2.340E-05
1062.500,2.343E-05
1062.850,2.340E-05
1063.200,2.336E-05
1063.550,2.342E-05
1063.900,2.336E-05
1064.250,2.334E-05
1064.600,2.338E-05
1064.950,2.326E-05
1065.300,2.327E-05
1065.650,2.330E-05
1066.000,2.327E-05
1066.350,2.329E-05
1066.700,2.326E-05
1067.050,2.325E-05
1067.400,2.321E-05
1067.750,2.315E-05
1068.100,2.316E-05
1068.450,2.318E-05
1068.800,2.320E-05
1069.150,2.324E-05
1069.500,2.323E-05
1069.850,2.316E-05
1070.200,2.314E-05
1070.550,2.319E-05
1070.900,2.315E-05
1071.250,2.311E-05
1071.600,2.307E-05
1071.950,2.308E-05
1072.300,2.307E-05
1072.650,2.310E-05
1073.000,2.311E-05
1073.350,2.307E-05
1073.700,2.307E-05
1074.050,2.303E-05
1074.400,2.306E-05
1074.750,2.303E-05
1075.100,2.296E-05
1075.450,2.298E-05
1075.800,2.304E-05
1076.150,2.298E-05
1076.500,2.298E-05
1076.850,2.297E-05
1077.200,2.297E-05
1077.550,2.295E-05
1077.900,2.291E-05
1078.250,2.291E-05
1078.600,2.293E-05
1078.950,2.290E-05
1079.300,2.286E-05
1079.650,2.291E-05
1080.000,2.286E-05
1080.350,2.284E-05
1080.700,2.284E-05
1081.050,2.282E-05
1081.400,2.286E-05
1081.750,2.286E-05
1082.100,2.288E-05
1082.450,2.288E-05
1082.800,2.300E-05
1083.150,2.299E-05
1083.500,2.298E-05
1083.850,2.297E-05
1084.200,2.298E-05
1084.550,2.294E-05
1084.900,2.296E-05
1085.250,2.292E-05
1085.600,2.293E-05
1085.950,2.293E-05
1086.300,2.297E-05
1086.650,2.294E-05
1087.000,2.298E-05
1087.350,2.293E-05
1087.700,2.294E-05
1088.050,2.301E-05
1088.400,2.296E-05
1088.750,2.296E-05
1089.100,2.294E-05
1089.450,2.294E-05
1089.800,2.292E-05
1090.150,2.296E-05
1090.500,2.291E-05
1090.850,2.291E-05
1091.200,2.290E-05
1091.550,2.292E-05
1091.900,2.287E-05
1092.250,2.284E-05
1092.600,2.283E-05
1092.950,2.279E-05
1093.300,2.284E-05
1093.650,2.277E-05
1094.000,2.277E-05
1094.350,2.281E-05
1094.700,2.280E-05
1095.050,2.283E-05
1095.400,2.282E-05
1095.750,2.280E-05
1096.100,2.273E-05
1096.450,2.278E-05
1096.800,2.278E-05
1097.150,2.282E-05
1097.500,2.282E-05
1097.850,2.277E-05
1098.200,2.277E-05
1098.550,2.279E-05
1098.900,2.283E-05
1099.250,2.281E-05
1099.600,2.284E-05
1099.950,2.279E-05
1100.300,2.276E-05
1100.650,2.277E-05
1101.000,2.272E-05
1101.350,2.275E-05
1101.700,2.275E-05
1102.050,2.269E-05
1102.400,2.264E-05
1102.750,2.263E-05
1103.100,2.268E-05
1103.450,2.265E-05
1103.800,2.263E-05
1104.150,2.260E-05
1104.500,2.254E-05
1104.850,2.256E-05
1105.200,2.256E-05
1105.550,2.252E-05
1105.900,2.249E-05
1106.250,2.248E-05
1106.600,2.248E-05
1106.950,2.245E-05
1107.300,2.242E-05
1107.650,2.240E-05
1108.000,2.236E-05
1108.350,2.238E-05
1108.700,2.236E-05
1109.050,2.234E-05
1109.400,2.232E-05
1109.750,2.228E-05
1110.100,2.231E-05
1110.450,2.228E-05
1110.800,2.231E-05
1111.150,2.227E-05
1111.500,2.231E-05
1111.850,2.232E-05
1112.200,2.235E-05
1112.550,2.235E-05
1112.900,2.233E-05
1113.250,2.226E-05
1113.600,2.226E-05
1113.950,2.223E-05
1114.300,2.227E-05
1114.650,2.224E-05
1115.000,2.219E-05
1115.350,2.213E-05
1115.700,2.220E-05
1116.050,2.224E-05
1116.400,2.208E-05
1116.750,2.210E-05
1117.100,2.211E-05
1117.450,2.212E-05
1117.800,2.216E-05
1118.150,2.213E-05
1118.500,2.210E-05
1118.850,2.207E-05
1119.200,2.203E-05
1119.550,2.213E-05
1119.900,2.212E-05
1120.250,2.198E-05
1120.600,2.202E-05
1120.950,2.220E-05
1121.300,2.204E-05
1121.650,2.203E-05
1122.000,2.187E-05
1122.350,2.188E-05
1122.700,2.189E-05
1123.050,2.210E-05
1123.400,2.209E-05
1123.750,2.177E-05
1124.100,2.202E-05
1124.450,2.211E-05
1124.800,2.215E-05
1125.150,2.193E-05
1125.500,2.166E-05
1125.850,2.189E-05
1126.200,2.198E-05
1126.550,2.209E-05
1126.900,2.212E-05
1127.250,2.209E-05
1127.600,2.192E-05
1127.950,2.185E-05
1128.300,2.195E-05
1128.650,2.193E-05
1129.000,2.194E-05
1129.350,2.200E-05
1129.700,2.172E-05
1130.050,2.179E-05
1130.400,2.193E-05
1130.750,2.198E-05
1131.100,2.201E-05
1131.450,2.197E-05
1131.800,2.198E-05
1132.150,2.194E-05
1132.500,2.189E-05
1132.850,2.189E-05
1133.200,2.184E-05
1133.550,2.173E-05
1133.900,2.173E-05
1134.250,2.168E-05
1134.600,2.125E-05
1134.950,2.124E-05
1135.300,2.166E-05
1135.650,2.183E-05
1136.000,2.149E-05
1136.350,2.167E-05
1136.700,2.183E-05
1137.050,2.183E-05
1137.400,2.175E-05
1137.750,2.172E-05
1138.100,2.174E-05
1138.450,2.159E-05
1138.800,2.166E-05
1139.150,2.168E-05
1139.500,2.169E-05
1139.850,2.162E-05
1140.200,2.169E-05
1140.550,2.171E-05
1140.900,2.157E-05
1141.250,2.165E-05
1141.600,2.167E-05
1141.950,2.176E-05
1142.300,2.179E-05
1142.650,2.185E-05
1143.000,2.183E-05
1143.350,2.182E-05
1143.700,2.176E-05
1144.050,2.169E-05
1144.400,2.157E-05
1144.750,2.179E-05
1145.100,2.180E-05
1145.450,2.183E-05
1145.800,2.188E-05
1146.150,2.190E-05
1146.500,2.176E-05
1146.850,2.173E-05
1147.200,2.182E-05
1147.550,2.180E-05
1147.900,2.193E-05
1148.250,2.200E-05
1148.600,2.196E-05
1148.950,2.195E-05
1149.300,2.201E-05
1149.650,2.183E-05
1150.000,2.195E-05
