IstTemp[K]=293.00

 800.000,2.132E-05
 800.350,2.136E-05
 800.700,2.136E-05
 801.050,2.129E-05
 801.400,2.125E-05
 801.750,2.123E-05
 802.100,2.123E-05
 802.450,2.127E-05
 802.800,2.127E-05
 803.150,2.121E-05
 803.500,2.112E-05
 803.850,2.120E-05
 804.200,2.110E-05
 804.550,2.111E-05
 804.900,2.113E-05
 805.250,2.118E-05
 805.600,2.118E-05
 805.950,2.110E-05
 806.300,2.104E-05
 806.650,2.104E-05
 807.000,2.104E-05
 807.350,2.101E-05
 807.700,2.099E-05
 808.050,2.105E-05
 808.400,2.106E-05
 808.750,2.103E-05
 809.100,2.101E-05
 809.450,2.096E-05
 809.800,2.092E-05
 810.150,2.099E-05
 810.500,2.097E-05
 810.850,2.097E-05
 811.200,2.096E-05
 811.550,2.096E-05
 811.900,2.101E-05
 812.250,2.101E-05
 812.600,2.103E-05
 812.950,2.103E-05
 813.300,2.102E-05
 813.650,2.094E-05
 814.000,2.085E-05
 814.350,2.093E-05
 814.700,2.097E-05
 815.050,2.101E-05
 815.400,2.096E-05
 815.750,2.097E-05
 816.100,2.102E-05
 816.450,2.097E-05
 816.800,2.104E-05
 817.150,2.105E-05
 817.500,2.104E-05
 817.850,2.105E-05
 818.200,2.107E-05
 818.550,2.109E-05
 818.900,2.106E-05
 819.250,2.111E-05
 819.600,2.115E-05
 819.950,2.112E-05
 820.300,2.112E-05
 820.650,2.111E-05
 821.000,2.106E-05
 821.350,2.104E-05
 821.700,2.103E-05
 822.050,2.100E-05
 822.400,2.101E-05
 822.750,2.092E-05
 823.100,2.092E-05
 823.450,2.102E-05
 823.800,2.100E-05
 824.150,2.098E-05
 824.500,2.104E-05
 824.850,2.099E-05
 825.200,2.100E-05
 825.550,2.097E-05
 825.900,2.106E-05
 826.250,2.108E-05
 826.600,2.110E-05
 826.950,2.106E-05
 827.300,2.104E-05
 827.650,2.096E-05
 828.000,2.098E-05
 828.350,2.104E-05
 828.700,2.107E-05
 829.050,2.109E-05
 829.400,2.111E-05
 829.750,2.107E-05
 830.100,2.108E-05
 830.450,2.113E-05
 830.800,2.105E-05
 831.150,2.110E-05
 831.500,2.108E-05
 831.850,2.107E-05
 832.200,2.098E-05
 832.550,2.101E-05
 832.900,2.114E-05
 833.250,2.131E-05
 833.600,2.125E-05
 833.950,2.126E-05
 834.300,2.143E-05
 834.650,2.142E-05
 835.000,2.127E-05
 835.350,2.137E-05
 835.700,2.148E-05
 836.050,2.155E-05
 836.400,2.174E-05
 836.750,2.180E-05
 837.100,2.165E-05
 837.450,2.157E-05
 837.800,2.161E-05
 838.150,2.158E-05
 838.500,2.163E-05
 838.850,2.159E-05
 839.200,2.141E-05
 839.550,2.132E-05
 839.900,2.123E-05
 840.250,2.126E-05
 840.600,2.140E-05
 840.950,2.137E-05
 841.300,2.138E-05
 841.650,2.142E-05
 842.000,2.140E-05
 842.350,2.141E-05
 842.700,2.135E-05
 843.050,2.135E-05
 843.400,2.132E-05
 843.750,2.126E-05
 844.100,2.124E-05
 844.450,2.124E-05
 844.800,2.133E-05
 845.150,2.142E-05
 845.500,2.141E-05
 845.850,2.135E-05
 846.200,2.133E-05
 846.550,2.137E-05
 846.900,2.133E-05
 847.250,2.128E-05
 847.600,2.133E-05
 847.950,2.141E-05
 848.300,2.146E-05
 848.650,2.146E-05
 849.000,2.140E-05
 849.350,2.137E-05
 849.700,2.143E-05
 850.050,2.145E-05
 850.400,2.151E-05
 850.750,2.151E-05
 851.100,2.162E-05
 851.450,2.171E-05
 851.800,2.172E-05
 852.150,2.175E-05
 852.500,2.173E-05
 852.850,2.176E-05
 853.200,2.171E-05
 853.550,2.172E-05
 853.900,2.177E-05
 854.250,2.176E-05
 854.600,2.178E-05
 854.950,2.177E-05
 855.300,2.182E-05
 855.650,2.186E-05
 856.000,2.184E-05
 856.350,2.187E-05
 856.700,2.187E-05
 857.050,2.186E-05
 857.400,2.192E-05
 857.750,2.202E-05
 858.100,2.203E-05
 858.450,2.189E-05
 858.800,2.193E-05
 859.150,2.189E-05
 859.500,2.182E-05
 859.850,2.202E-05
 860.200,2.217E-05
 860.550,2.228E-05
 860.900,2.226E-05
 861.250,2.224E-05
 861.600,2.229E-05
 861.950,2.238E-05
 862.300,2.227E-05
 862.650,2.229E-05
 863.000,2.227E-05
 863.350,2.218E-05
 863.700,2.220E-05
 864.050,2.218E-05
 864.400,2.213E-05
 864.750,2.214E-05
 865.100,2.228E-05
 865.450,2.198E-05
 865.800,2.211E-05
 866.150,2.204E-05
 866.500,2.205E-05
 866.850,2.206E-05
 867.200,2.220E-05
 867.550,2.224E-05
 867.900,2.223E-05
 868.250,2.223E-05
 868.600,2.222E-05
 868.950,2.228E-05
 869.300,2.231E-05
 869.650,2.225E-05
 870.000,2.226E-05
 870.350,2.226E-05
 870.700,2.229E-05
 871.050,2.231E-05
 871.400,2.228E-05
 871.750,2.230E-05
 872.100,2.229E-05
 872.450,2.229E-05
 872.800,2.228E-05
 873.150,2.232E-05
 873.500,2.233E-05
 873.850,2.237E-05
 874.200,2.237E-05
 874.550,2.243E-05
 874.900,2.245E-05
 875.250,2.245E-05
 875.600,2.251E-05
 875.950,2.252E-05
 876.300,2.259E-05
 876.650,2.259E-05
 877.000,2.252E-05
 877.350,2.253E-05
 877.700,2.263E-05
 878.050,2.273E-05
 878.400,2.266E-05
 878.750,2.266E-05
 879.100,2.274E-05
 879.450,2.274E-05
 879.800,2.271E-05
 880.150,2.266E-05
 880.500,2.265E-05
 880.850,2.268E-05
 881.200,2.266E-05
 881.550,2.263E-05
 881.900,2.266E-05
 882.250,2.269E-05
 882.600,2.267E-05
 882.950,2.262E-05
 883.300,2.263E-05
 883.650,2.264E-05
 884.000,2.260E-05
 884.350,2.255E-05
 884.700,2.257E-05
 885.050,2.258E-05
 885.400,2.258E-05
 885.750,2.252E-05
 886.100,2.255E-05
 886.450,2.259E-05
 886.800,2.257E-05
 887.150,2.264E-05
 887.500,2.265E-05
 887.850,2.266E-05
 888.200,2.262E-05
 888.550,2.266E-05
 888.900,2.270E-05
 889.250,2.273E-05
 889.600,2.268E-05
 889.950,2.270E-05
 890.300,2.267E-05
 890.650,2.259E-05
 891.000,2.255E-05
 891.350,2.253E-05
 891.700,2.252E-05
 892.050,2.253E-05
 892.400,2.247E-05
 892.750,2.241E-05
 893.100,2.236E-05
 893.450,2.231E-05
 893.800,2.233E-05
 894.150,2.229E-05
 894.500,2.228E-05
 894.850,2.222E-05
 895.200,2.223E-05
 895.550,2.222E-05
 895.900,2.221E-05
 896.250,2.220E-05
 896.600,2.217E-05
 896.950,2.219E-05
 897.300,2.221E-05
 897.650,2.220E-05
 898.000,2.221E-05
 898.350,2.222E-05
 898.700,2.222E-05
 899.050,2.222E-05
 899.400,2.224E-05
 899.750,2.222E-05
 900.100,2.217E-05
 900.450,2.214E-05
 900.800,2.211E-05
 901.150,2.209E-05
 901.500,2.204E-05
 901.850,2.193E-05
 902.200,2.188E-05
 902.550,2.185E-05
 902.900,2.185E-05
 903.250,2.182E-05
 903.600,2.182E-05
 903.950,2.175E-05
 904.300,2.172E-05
 904.650,2.172E-05
 905.000,2.171E-05
 905.350,2.176E-05
 905.700,2.178E-05
 906.050,2.172E-05
 906.400,2.175E-05
 906.750,2.176E-05
 907.100,2.174E-05
 907.450,2.173E-05
 907.800,2.175E-05
 908.150,2.178E-05
 908.500,2.176E-05
 908.850,2.171E-05
 909.200,2.172E-05
 909.550,2.173E-05
 909.900,2.167E-05
 910.250,2.166E-05
 910.600,2.168E-05
 910.950,2.166E-05
 911.300,2.163E-05
 911.650,2.163E-05
 912.000,2.159E-05
 912.350,2.157E-05
 912.700,2.152E-05
 913.050,2.148E-05
 913.400,2.146E-05
 913.750,2.150E-05
 914.100,2.150E-05
 914.450,2.151E-05
 914.800,2.150E-05
 915.150,2.147E-05
 915.500,2.143E-05
 915.850,2.140E-05
 916.200,2.138E-05
 916.550,2.139E-05
 916.900,2.146E-05
 917.250,2.138E-05
 917.600,2.135E-05
 917.950,2.132E-05
 918.300,2.129E-05
 918.650,2.129E-05
 919.000,2.129E-05
 919.350,2.129E-05
 919.700,2.126E-05
 920.050,2.130E-05
 920.400,2.127E-05
 920.750,2.125E-05
 921.100,2.130E-05
 921.450,2.129E-05
 921.800,2.130E-05
 922.150,2.129E-05
 922.500,2.128E-05
 922.850,2.134E-05
 923.200,2.134E-05
 923.550,2.132E-05
 923.900,2.135E-05
 924.250,2.133E-05
 924.600,2.130E-05
 924.950,2.133E-05
 925.300,2.131E-05
 925.650,2.132E-05
 926.000,2.131E-05
 926.350,2.130E-05
 926.700,2.137E-05
 927.050,2.139E-05
 927.400,2.137E-05
 927.750,2.138E-05
 928.100,2.136E-05
 928.450,2.134E-05
 928.800,2.136E-05
 929.150,2.133E-05
 929.500,2.131E-05
 929.850,2.135E-05
 930.200,2.132E-05
 930.550,2.132E-05
 930.900,2.133E-05
 931.250,2.132E-05
 931.600,2.129E-05
 931.950,2.136E-05
 932.300,2.138E-05
 932.650,2.145E-05
 933.000,2.151E-05
 933.350,2.146E-05
 933.700,2.144E-05
 934.050,2.140E-05
 934.400,2.132E-05
 934.750,2.125E-05
 935.100,2.133E-05
 935.450,2.132E-05
 935.800,2.129E-05
 936.150,2.129E-05
 936.500,2.136E-05
 936.850,2.138E-05
 937.200,2.130E-05
 937.550,2.135E-05
 937.900,2.137E-05
 938.250,2.132E-05
 938.600,2.138E-05
 938.950,2.137E-05
 939.300,2.137E-05
 939.650,2.145E-05
 940.000,2.143E-05
 940.350,2.146E-05
 940.700,2.141E-05
 941.050,2.141E-05
 941.400,2.135E-05
 941.750,2.138E-05
 942.100,2.134E-05
 942.450,2.136E-05
 942.800,2.123E-05
 943.150,2.117E-05
 943.500,2.117E-05
 943.850,2.122E-05
 944.200,2.117E-05
 944.550,2.110E-05
 944.900,2.132E-05
 945.250,2.135E-05
 945.600,2.135E-05
 945.950,2.131E-05
 946.300,2.131E-05
 946.650,2.132E-05
 947.000,2.136E-05
 947.350,2.130E-05
 947.700,2.133E-05
 948.050,2.129E-05
 948.400,2.129E-05
 948.750,2.125E-05
 949.100,2.131E-05
 949.450,2.126E-05
 949.800,2.119E-05
 950.150,2.118E-05
 950.500,2.126E-05
 950.850,2.135E-05
 951.200,2.141E-05
 951.550,2.141E-05
 951.900,2.137E-05
 952.250,2.140E-05
 952.600,2.141E-05
 952.950,2.145E-05
 953.300,2.150E-05
 953.650,2.151E-05
 954.000,2.153E-05
 954.350,2.153E-05
 954.700,2.153E-05
 955.050,2.155E-05
 955.400,2.157E-05
 955.750,2.165E-05
 956.100,2.173E-05
 956.450,2.169E-05
 956.800,2.165E-05
 957.150,2.156E-05
 957.500,2.161E-05
 957.850,2.163E-05
 958.200,2.155E-05
 958.550,2.154E-05
 958.900,2.154E-05
 959.250,2.153E-05
 959.600,2.158E-05
 959.950,2.157E-05
 960.300,2.155E-05
 960.650,2.153E-05
 961.000,2.153E-05
 961.350,2.154E-05
 961.700,2.154E-05
 962.050,2.151E-05
 962.400,2.153E-05
 962.750,2.154E-05
 963.100,2.156E-05
 963.450,2.156E-05
 963.800,2.157E-05
 964.150,2.155E-05
 964.500,2.152E-05
 964.850,2.148E-05
 965.200,2.144E-05
 965.550,2.147E-05
 965.900,2.143E-05
 966.250,2.143E-05
 966.600,2.141E-05
 966.950,2.140E-05
 967.300,2.140E-05
 967.650,2.141E-05
 968.000,2.141E-05
 968.350,2.140E-05
 968.700,2.137E-05
 969.050,2.138E-05
 969.400,2.137E-05
 969.750,2.134E-05
 970.100,2.139E-05
 970.450,2.135E-05
 970.800,2.138E-05
 971.150,2.139E-05
 971.500,2.133E-05
 971.850,2.136E-05
 972.200,2.128E-05
 972.550,2.128E-05
 972.900,2.122E-05
 973.250,2.122E-05
 973.600,2.127E-05
 973.950,2.125E-05
 974.300,2.127E-05
 974.650,2.124E-05
 975.000,2.121E-05
 975.350,2.135E-05
 975.700,2.134E-05
 976.050,2.139E-05
 976.400,2.136E-05
 976.750,2.126E-05
 977.100,2.126E-05
 977.450,2.124E-05
 977.800,2.128E-05
 978.150,2.126E-05
 978.500,2.126E-05
 978.850,2.125E-05
 979.200,2.122E-05
 979.550,2.121E-05
 979.900,2.119E-05
 980.250,2.119E-05
 980.600,2.133E-05
 980.950,2.137E-05
 981.300,2.137E-05
 981.650,2.138E-05
 982.000,2.137E-05
 982.350,2.138E-05
 982.700,2.139E-05
 983.050,2.137E-05
 983.400,2.139E-05
 983.750,2.141E-05
 984.100,2.144E-05
 984.450,2.138E-05
 984.800,2.138E-05
 985.150,2.142E-05
 985.500,2.140E-05
 985.850,2.141E-05
 986.200,2.143E-05
 986.550,2.139E-05
 986.900,2.138E-05
 987.250,2.138E-05
 987.600,2.132E-05
 987.950,2.137E-05
 988.300,2.135E-05
 988.650,2.131E-05
 989.000,2.135E-05
 989.350,2.135E-05
 989.700,2.128E-05
 990.050,2.130E-05
 990.400,2.133E-05
 990.750,2.130E-05
 991.100,2.134E-05
 991.450,2.133E-05
 991.800,2.135E-05
 992.150,2.144E-05
 992.500,2.145E-05
 992.850,2.138E-05
 993.200,2.130E-05
 993.550,2.133E-05
 993.900,2.132E-05
 994.250,2.143E-05
 994.600,2.135E-05
 994.950,2.132E-05
 995.300,2.131E-05
 995.650,2.136E-05
 996.000,2.137E-05
 996.350,2.134E-05
 996.700,2.138E-05
 997.050,2.137E-05
 997.400,2.128E-05
 997.750,2.120E-05
 998.100,2.130E-05
 998.450,2.126E-05
 998.800,2.128E-05
 999.150,2.129E-05
 999.500,2.131E-05
 999.850,2.128E-05
1000.200,2.131E-05
1000.550,2.122E-05
1000.900,2.114E-05
1001.250,2.120E-05
1001.600,2.116E-05
1001.950,2.115E-05
1002.300,2.111E-05
1002.650,2.109E-05
1003.000,2.115E-05
1003.350,2.114E-05
1003.700,2.114E-05
1004.050,2.114E-05
1004.400,2.111E-05
1004.750,2.115E-05
1005.100,2.106E-05
1005.450,2.113E-05
1005.800,2.114E-05
1006.150,2.114E-05
1006.500,2.108E-05
1006.850,2.101E-05
1007.200,2.106E-05
1007.550,2.103E-05
1007.900,2.099E-05
1008.250,2.088E-05
1008.600,2.090E-05
1008.950,2.098E-05
1009.300,2.096E-05
1009.650,2.095E-05
1010.000,2.097E-05
1010.350,2.094E-05
1010.700,2.089E-05
1011.050,2.085E-05
1011.400,2.093E-05
1011.750,2.095E-05
1012.100,2.093E-05
1012.450,2.090E-05
1012.800,2.079E-05
1013.150,2.083E-05
1013.500,2.089E-05
1013.850,2.089E-05
1014.200,2.087E-05
1014.550,2.087E-05
1014.900,2.089E-05
1015.250,2.090E-05
1015.600,2.093E-05
1015.950,2.088E-05
1016.300,2.088E-05
1016.650,2.091E-05
1017.000,2.091E-05
1017.350,2.094E-05
1017.700,2.098E-05
1018.050,2.096E-05
1018.400,2.096E-05
1018.750,2.093E-05
1019.100,2.094E-05
1019.450,2.095E-05
1019.800,2.094E-05
1020.150,2.093E-05
1020.500,2.093E-05
1020.850,2.093E-05
1021.200,2.090E-05
1021.550,2.091E-05
1021.900,2.095E-05
1022.250,2.094E-05
1022.600,2.090E-05
1022.950,2.090E-05
1023.300,2.091E-05
1023.650,2.090E-05
1024.000,2.091E-05
1024.350,2.093E-05
1024.700,2.095E-05
1025.050,2.089E-05
1025.400,2.094E-05
1025.750,2.094E-05
1026.100,2.092E-05
1026.450,2.093E-05
1026.800,2.093E-05
1027.150,2.096E-05
1027.500,2.089E-05
1027.850,2.085E-05
1028.200,2.082E-05
1028.550,2.081E-05
1028.900,2.079E-05
1029.250,2.088E-05
1029.600,2.088E-05
1029.950,2.092E-05
1030.300,2.089E-05
1030.650,2.077E-05
1031.000,2.074E-05
1031.350,2.079E-05
1031.700,2.081E-05
1032.050,2.082E-05
1032.400,2.077E-05
1032.750,2.076E-05
1033.100,2.069E-05
1033.450,2.075E-05
1033.800,2.079E-05
1034.150,2.080E-05
1034.500,2.081E-05
1034.850,2.083E-05
1035.200,2.084E-05
1035.550,2.078E-05
1035.900,2.072E-05
1036.250,2.082E-05
1036.600,2.084E-05
1036.950,2.087E-05
1037.300,2.082E-05
1037.650,2.082E-05
1038.000,2.079E-05
1038.350,2.081E-05
1038.700,2.081E-05
1039.050,2.080E-05
1039.400,2.078E-05
1039.750,2.070E-05
1040.100,2.069E-05
1040.450,2.075E-05
1040.800,2.076E-05
1041.150,2.079E-05
1041.500,2.080E-05
1041.850,2.078E-05
1042.200,2.084E-05
1042.550,2.081E-05
1042.900,2.080E-05
1043.250,2.077E-05
1043.600,2.077E-05
1043.950,2.079E-05
1044.300,2.075E-05
1044.650,2.075E-05
1045.000,2.072E-05
1045.350,2.070E-05
1045.700,2.080E-05
1046.050,2.068E-05
1046.400,2.069E-05
1046.750,2.072E-05
1047.100,2.075E-05
1047.450,2.075E-05
1047.800,2.070E-05
1048.150,2.069E-05
1048.500,2.074E-05
1048.850,2.067E-05
1049.200,2.062E-05
1049.550,2.058E-05
1049.900,2.058E-05
1050.250,2.016E-05
1050.600,2.011E-05
1050.950,2.010E-05
1051.300,2.008E-05
1051.650,2.020E-05
1052.000,2.013E-05
1052.350,2.010E-05
1052.700,2.015E-05
1053.050,2.016E-05
1053.400,2.016E-05
1053.750,2.027E-05
1054.100,2.017E-05
1054.450,2.016E-05
1054.800,2.026E-05
1055.150,2.027E-05
1055.500,2.017E-05
1055.850,2.020E-05
1056.200,2.018E-05
1056.550,2.017E-05
1056.900,2.024E-05
1057.250,2.015E-05
1057.600,2.014E-05
1057.950,2.016E-05
1058.300,2.015E-05
1058.650,2.018E-05
1059.000,2.019E-05
1059.350,2.015E-05
1059.700,2.015E-05
1060.050,2.018E-05
1060.400,2.016E-05
1060.750,2.013E-05
1061.100,2.020E-05
1061.450,2.019E-05
1061.800,2.016E-05
1062.150,2.015E-05
1062.500,2.019E-05
1062.850,2.011E-05
1063.200,2.010E-05
1063.550,2.014E-05
1063.900,2.010E-05
1064.250,2.006E-05
1064.600,2.014E-05
1064.950,2.011E-05
1065.300,2.003E-05
1065.650,2.008E-05
1066.000,2.006E-05
1066.350,2.002E-05
1066.700,2.001E-05
1067.050,2.011E-05
1067.400,2.001E-05
1067.750,1.997E-05
1068.100,2.000E-05
1068.450,1.997E-05
1068.800,2.001E-05
1069.150,2.000E-05
1069.500,2.000E-05
1069.850,1.995E-05
1070.200,1.987E-05
1070.550,1.989E-05
1070.900,1.987E-05
1071.250,1.983E-05
1071.600,1.990E-05
1071.950,1.995E-05
1072.300,1.991E-05
1072.650,1.987E-05
1073.000,1.992E-05
1073.350,1.994E-05
1073.700,1.986E-05
1074.050,1.986E-05
1074.400,1.984E-05
1074.750,1.983E-05
1075.100,1.986E-05
1075.450,1.980E-05
1075.800,1.980E-05
1076.150,1.978E-05
1076.500,1.972E-05
1076.850,1.971E-05
1077.200,1.975E-05
1077.550,1.980E-05
1077.900,1.971E-05
1078.250,1.971E-05
1078.600,1.969E-05
1078.950,1.969E-05
1079.300,1.969E-05
1079.650,1.975E-05
1080.000,1.968E-05
1080.350,1.966E-05
1080.700,1.967E-05
1081.050,1.963E-05
1081.400,1.963E-05
1081.750,1.964E-05
1082.100,1.970E-05
1082.450,1.966E-05
1082.800,1.970E-05
1083.150,1.971E-05
1083.500,1.972E-05
1083.850,1.971E-05
1084.200,1.977E-05
1084.550,1.963E-05
1084.900,1.963E-05
1085.250,1.965E-05
1085.600,1.967E-05
1085.950,1.963E-05
1086.300,1.969E-05
1086.650,1.967E-05
1087.000,1.972E-05
1087.350,1.962E-05
1087.700,1.958E-05
1088.050,1.958E-05
1088.400,1.953E-05
1088.750,1.953E-05
1089.100,1.949E-05
1089.450,1.958E-05
1089.800,1.957E-05
1090.150,1.955E-05
1090.500,1.950E-05
1090.850,1.951E-05
1091.200,1.953E-05
1091.550,1.950E-05
1091.900,1.951E-05
1092.250,1.954E-05
1092.600,1.953E-05
1092.950,1.952E-05
1093.300,1.948E-05
1093.650,1.972E-05
1094.000,1.989E-05
1094.350,1.988E-05
1094.700,1.974E-05
1095.050,1.986E-05
1095.400,1.986E-05
1095.750,1.998E-05
1096.100,1.976E-05
1096.450,1.985E-05
1096.800,1.989E-05
1097.150,1.987E-05
1097.500,1.985E-05
1097.850,1.966E-05
1098.200,1.969E-05
1098.550,1.979E-05
1098.900,1.992E-05
1099.250,1.992E-05
1099.600,1.994E-05
1099.950,1.989E-05
1100.300,1.988E-05
1100.650,1.979E-05
1101.000,1.974E-05
1101.350,1.975E-05
1101.700,1.965E-05
1102.050,1.959E-05
1102.400,1.950E-05
1102.750,1.946E-05
1103.100,1.953E-05
1103.450,1.960E-05
1103.800,1.970E-05
1104.150,1.966E-05
1104.500,1.973E-05
1104.850,1.978E-05
1105.200,1.969E-05
1105.550,1.962E-05
1105.900,1.952E-05
1106.250,1.956E-05
1106.600,1.964E-05
1106.950,1.960E-05
1107.300,1.945E-05
1107.650,1.962E-05
1108.000,1.963E-05
1108.350,1.966E-05
1108.700,1.960E-05
1109.050,1.947E-05
1109.400,1.935E-05
1109.750,1.920E-05
1110.100,1.929E-05
1110.450,1.927E-05
1110.800,1.930E-05
1111.150,1.928E-05
1111.500,1.932E-05
1111.850,1.933E-05
1112.200,1.937E-05
1112.550,1.938E-05
1112.900,1.940E-05
1113.250,1.936E-05
1113.600,1.937E-05
1113.950,1.937E-05
1114.300,1.944E-05
1114.650,1.943E-05
1115.000,1.938E-05
1115.350,1.932E-05
1115.700,1.934E-05
1116.050,1.935E-05
1116.400,1.925E-05
1116.750,1.923E-05
1117.100,1.923E-05
1117.450,1.929E-05
1117.800,1.931E-05
1118.150,1.929E-05
1118.500,1.922E-05
1118.850,1.923E-05
1119.200,1.923E-05
1119.550,1.930E-05
1119.900,1.922E-05
1120.250,1.913E-05
1120.600,1.915E-05
1120.950,1.923E-05
1121.300,1.915E-05
1121.650,1.911E-05
1122.000,1.901E-05
1122.350,1.894E-05
1122.700,1.900E-05
1123.050,1.913E-05
1123.400,1.914E-05
1123.750,1.898E-05
1124.100,1.913E-05
1124.450,1.921E-05
1124.800,1.922E-05
1125.150,1.903E-05
1125.500,1.888E-05
1125.850,1.897E-05
1126.200,1.910E-05
1126.550,1.919E-05
1126.900,1.920E-05
1127.250,1.919E-05
1127.600,1.906E-05
1127.950,1.903E-05
1128.300,1.910E-05
1128.650,1.913E-05
1129.000,1.907E-05
1129.350,1.906E-05
1129.700,1.894E-05
1130.050,1.894E-05
1130.400,1.910E-05
1130.750,1.912E-05
1131.100,1.914E-05
1131.450,1.911E-05
1131.800,1.912E-05
1132.150,1.908E-05
1132.500,1.904E-05
1132.850,1.902E-05
1133.200,1.898E-05
1133.550,1.891E-05
1133.900,1.895E-05
1134.250,1.886E-05
1134.600,1.851E-05
1134.950,1.849E-05
1135.300,1.877E-05
1135.650,1.890E-05
1136.000,1.874E-05
1136.350,1.885E-05
1136.700,1.900E-05
1137.050,1.903E-05
1137.400,1.897E-05
1137.750,1.897E-05
1138.100,1.899E-05
1138.450,1.888E-05
1138.800,1.889E-05
1139.150,1.889E-05
1139.500,1.887E-05
1139.850,1.882E-05
1140.200,1.884E-05
1140.550,1.890E-05
1140.900,1.885E-05
1141.250,1.891E-05
1141.600,1.894E-05
1141.950,1.897E-05
1142.300,1.899E-05
1142.650,1.900E-05
1143.000,1.903E-05
1143.350,1.902E-05
1143.700,1.894E-05
1144.050,1.884E-05
1144.400,1.882E-05
1144.750,1.899E-05
1145.100,1.901E-05
1145.450,1.902E-05
1145.800,1.906E-05
1146.150,1.911E-05
1146.500,1.897E-05
1146.850,1.892E-05
1147.200,1.894E-05
1147.550,1.897E-05
1147.900,1.906E-05
1148.250,1.915E-05
1148.600,1.911E-05
1148.950,1.909E-05
1149.300,1.912E-05
1149.650,1.904E-05
1150.000,1.911E-05
