# IstTemp[K]=...K
450.000,3.345e-06
450.500,3.367e-06
451.000,3.392e-06
451.500,3.410e-06
452.000,3.434e-06
452.500,3.454e-06
453.000,3.455e-06
453.500,3.514e-06
454.000,3.526e-06
454.500,3.532e-06
455.000,3.565e-06
455.500,3.605e-06
456.000,3.598e-06
456.500,3.601e-06
457.000,3.624e-06
457.500,3.655e-06
458.000,3.647e-06
458.500,3.673e-06
459.000,3.703e-06
459.500,3.739e-06
460.000,3.758e-06
460.500,3.776e-06
461.000,3.827e-06
461.500,3.878e-06
462.000,3.870e-06
462.500,3.913e-06
463.000,3.966e-06
463.500,3.982e-06
464.000,4.027e-06
464.500,4.031e-06
465.000,4.071e-06
465.500,4.099e-06
466.000,4.105e-06
466.500,4.162e-06
467.000,4.205e-06
467.500,4.231e-06
468.000,4.240e-06
468.500,4.234e-06
469.000,4.231e-06
469.500,4.181e-06
470.000,4.278e-06
470.500,4.357e-06
471.000,4.424e-06
471.500,4.463e-06
472.000,4.498e-06
472.500,4.527e-06
473.000,4.607e-06
473.500,4.657e-06
474.000,4.793e-06
474.500,4.895e-06
475.000,4.944e-06
475.500,4.933e-06
476.000,4.887e-06
476.500,4.863e-06
477.000,4.821e-06
477.500,4.764e-06
478.000,4.748e-06
478.500,4.729e-06
479.000,4.683e-06
479.500,4.675e-06
480.000,4.690e-06
480.500,4.657e-06
481.000,4.647e-06
481.500,4.655e-06
482.000,4.668e-06
482.500,4.723e-06
483.000,4.761e-06
483.500,4.768e-06
484.000,4.839e-06
484.500,4.900e-06
485.000,4.938e-06
485.500,4.967e-06
486.000,5.027e-06
486.500,5.045e-06
487.000,5.113e-06
487.500,5.114e-06
488.000,5.126e-06
488.500,5.137e-06
489.000,5.130e-06
489.500,5.155e-06
490.000,5.147e-06
490.500,5.176e-06
491.000,5.196e-06
491.500,5.207e-06
492.000,5.262e-06
492.500,5.298e-06
493.000,5.318e-06
493.500,5.350e-06
494.000,5.407e-06
494.500,5.433e-06
495.000,5.463e-06
495.500,5.462e-06
496.000,5.467e-06
496.500,5.484e-06
497.000,5.483e-06
497.500,5.465e-06
498.000,5.465e-06
498.500,5.453e-06
499.000,5.445e-06
499.500,5.442e-06
500.000,5.417e-06
500.500,5.427e-06
501.000,5.421e-06
501.500,5.400e-06
502.000,5.429e-06
502.500,5.427e-06
503.000,5.425e-06
503.500,5.415e-06
504.000,5.414e-06
504.500,5.415e-06
505.000,5.412e-06
505.500,5.410e-06
506.000,5.398e-06
506.500,5.378e-06
507.000,5.370e-06
507.500,5.350e-06
508.000,5.314e-06
508.500,5.272e-06
509.000,5.244e-06
509.500,5.209e-06
510.000,5.220e-06
510.500,5.272e-06
511.000,5.343e-06
511.500,5.410e-06
512.000,5.460e-06
512.500,5.566e-06
513.000,5.620e-06
513.500,5.723e-06
514.000,5.780e-06
514.500,5.829e-06
515.000,5.882e-06
515.500,5.887e-06
516.000,5.878e-06
516.500,5.794e-06
517.000,5.634e-06
517.500,5.410e-06
518.000,5.383e-06
518.500,5.338e-06
519.000,5.554e-06
519.500,5.665e-06
520.000,5.653e-06
520.500,5.424e-06
521.000,5.090e-06
521.500,5.312e-06
522.000,5.370e-06
522.500,5.418e-06
523.000,4.990e-06
523.500,5.364e-06
524.000,5.565e-06
524.500,5.802e-06
525.000,6.200e-06
525.500,6.445e-06
526.000,6.557e-06
526.500,6.651e-06
527.000,6.725e-06
527.500,6.847e-06
528.000,6.882e-06
528.500,6.901e-06
529.000,6.933e-06
529.500,6.944e-06
530.000,6.955e-06
530.500,6.976e-06
531.000,6.963e-06
531.500,6.988e-06
532.000,7.020e-06
532.500,7.075e-06
533.000,7.111e-06
533.500,7.180e-06
534.000,7.227e-06
534.500,7.224e-06
535.000,7.248e-06
535.500,7.297e-06
536.000,7.311e-06
536.500,7.323e-06
537.000,7.361e-06
537.500,7.388e-06
538.000,7.409e-06
538.500,7.434e-06
539.000,7.452e-06
539.500,7.458e-06
540.000,7.500e-06
540.500,7.489e-06
541.000,7.503e-06
541.500,7.551e-06
542.000,7.567e-06
542.500,7.545e-06
543.000,7.498e-06
543.500,7.538e-06
544.000,7.526e-06
544.500,7.552e-06
545.000,7.557e-06
545.500,7.624e-06
546.000,7.653e-06
546.500,7.671e-06
547.000,7.702e-06
547.500,7.758e-06
548.000,7.765e-06
548.500,7.821e-06
549.000,7.846e-06
549.500,7.904e-06
550.000,7.911e-06
550.500,7.964e-06
551.000,8.032e-06
551.500,8.025e-06
552.000,8.051e-06
552.500,8.086e-06
553.000,8.118e-06
553.500,8.097e-06
554.000,8.131e-06
554.500,8.192e-06
555.000,8.174e-06
555.500,8.175e-06
556.000,8.181e-06
556.500,8.205e-06
557.000,8.190e-06
557.500,8.211e-06
558.000,8.224e-06
558.500,8.236e-06
559.000,8.231e-06
559.500,8.264e-06
560.000,8.262e-06
560.500,8.284e-06
561.000,8.278e-06
561.500,8.291e-06
562.000,8.300e-06
562.500,8.307e-06
563.000,8.226e-06
563.500,8.242e-06
564.000,8.220e-06
564.500,8.184e-06
565.000,8.155e-06
565.500,8.096e-06
566.000,7.997e-06
566.500,7.879e-06
567.000,7.786e-06
567.500,7.595e-06
568.000,7.249e-06
568.500,7.233e-06
569.000,7.268e-06
569.500,7.232e-06
570.000,7.080e-06
570.500,6.695e-06
571.000,6.237e-06
571.500,6.129e-06
572.000,5.998e-06
572.500,6.012e-06
573.000,6.322e-06
573.500,6.725e-06
574.000,6.968e-06
574.500,7.032e-06
575.000,7.035e-06
575.500,6.888e-06
576.000,6.560e-06
576.500,6.254e-06
577.000,6.111e-06
577.500,5.873e-06
578.000,6.366e-06
578.500,6.621e-06
579.000,6.156e-06
579.500,5.863e-06
580.000,6.830e-06
580.500,7.020e-06
581.000,7.311e-06
581.500,7.812e-06
582.000,7.955e-06
582.500,8.116e-06
583.000,8.347e-06
583.500,8.479e-06
584.000,8.607e-06
584.500,8.711e-06
585.000,8.839e-06
585.500,8.906e-06
586.000,9.060e-06
586.500,9.099e-06
587.000,9.145e-06
587.500,9.276e-06
588.000,9.269e-06
588.500,9.287e-06
589.000,9.258e-06
589.500,9.300e-06
590.000,9.339e-06
590.500,9.441e-06
591.000,9.545e-06
591.500,9.649e-06
592.000,9.692e-06
592.500,9.751e-06
593.000,9.818e-06
593.500,9.877e-06
594.000,9.899e-06
594.500,9.930e-06
595.000,9.938e-06
595.500,1.000e-05
596.000,1.002e-05
596.500,1.003e-05
597.000,1.008e-05
597.500,1.011e-05
598.000,1.014e-05
598.500,1.016e-05
599.000,1.021e-05
599.500,1.024e-05
600.000,1.027e-05
600.500,1.033e-05
601.000,1.032e-05
601.500,1.033e-05
602.000,1.040e-05
602.500,1.042e-05
603.000,1.047e-05
603.500,1.048e-05
604.000,1.052e-05
604.500,1.055e-05
605.000,1.057e-05
605.500,1.058e-05
606.000,1.059e-05
606.500,1.062e-05
607.000,1.061e-05
607.500,1.063e-05
608.000,1.065e-05
608.500,1.066e-05
609.000,1.070e-05
609.500,1.067e-05
610.000,1.067e-05
610.500,1.072e-05
611.000,1.075e-05
611.500,1.080e-05
612.000,1.082e-05
612.500,1.086e-05
613.000,1.089e-05
613.500,1.094e-05
614.000,1.095e-05
614.500,1.095e-05
615.000,1.101e-05
615.500,1.104e-05
616.000,1.105e-05
616.500,1.106e-05
617.000,1.108e-05
617.500,1.108e-05
618.000,1.110e-05
618.500,1.111e-05
619.000,1.112e-05
619.500,1.111e-05
620.000,1.099e-05
620.500,1.096e-05
621.000,1.096e-05
621.500,1.100e-05
622.000,1.094e-05
622.500,1.093e-05
623.000,1.087e-05
623.500,1.093e-05
624.000,1.092e-05
624.500,1.088e-05
625.000,1.088e-05
625.500,1.083e-05
626.000,1.096e-05
626.500,1.112e-05
627.000,1.101e-05
627.500,1.107e-05
628.000,1.109e-05
628.500,1.120e-05
629.000,1.121e-05
629.500,1.130e-05
630.000,1.128e-05
630.500,1.129e-05
631.000,1.135e-05
631.500,1.127e-05
632.000,1.124e-05
632.500,1.126e-05
633.000,1.126e-05
633.500,1.134e-05
634.000,1.143e-05
634.500,1.143e-05
635.000,1.146e-05
635.500,1.149e-05
636.000,1.149e-05
636.500,1.148e-05
637.000,1.140e-05
637.500,1.138e-05
638.000,1.147e-05
638.500,1.154e-05
639.000,1.157e-05
639.500,1.155e-05
640.000,1.149e-05
640.500,1.148e-05
641.000,1.150e-05
641.500,1.147e-05
642.000,1.149e-05
642.500,1.147e-05
643.000,1.150e-05
643.500,1.149e-05
644.000,1.146e-05
644.500,1.151e-05
645.000,1.150e-05
645.500,1.156e-05
646.000,1.164e-05
646.500,1.161e-05
647.000,1.165e-05
647.500,1.166e-05
648.000,1.168e-05
648.500,1.172e-05
649.000,1.171e-05
649.500,1.175e-05
650.000,1.175e-05
650.500,1.570e-05
651.000,1.574e-05
651.500,1.577e-05
652.000,1.585e-05
652.500,1.584e-05
653.000,1.588e-05
653.500,1.590e-05
654.000,1.594e-05
654.500,1.600e-05
655.000,1.600e-05
655.500,1.604e-05
656.000,1.614e-05
656.500,1.617e-05
657.000,1.623e-05
657.500,1.617e-05
658.000,1.620e-05
658.500,1.622e-05
659.000,1.620e-05
659.500,1.621e-05
660.000,1.624e-05
660.500,1.632e-05
661.000,1.632e-05
661.500,1.636e-05
662.000,1.640e-05
662.500,1.642e-05
663.000,1.647e-05
663.500,1.645e-05
664.000,1.646e-05
664.500,1.657e-05
665.000,1.649e-05
665.500,1.644e-05
666.000,1.635e-05
666.500,1.642e-05
667.000,1.639e-05
667.500,1.636e-05
668.000,1.639e-05
668.500,1.653e-05
669.000,1.649e-05
669.500,1.641e-05
670.000,1.638e-05
670.500,1.636e-05
671.000,1.640e-05
671.500,1.635e-05
672.000,1.633e-05
672.500,1.633e-05
673.000,1.627e-05
673.500,1.632e-05
674.000,1.626e-05
674.500,1.622e-05
675.000,1.628e-05
675.500,1.628e-05
676.000,1.638e-05
676.500,1.651e-05
677.000,1.666e-05
677.500,1.673e-05
678.000,1.677e-05
678.500,1.680e-05
679.000,1.675e-05
679.500,1.678e-05
680.000,1.687e-05
680.500,1.694e-05
681.000,1.704e-05
681.500,1.713e-05
682.000,1.718e-05
682.500,1.726e-05
683.000,1.731e-05
683.500,1.740e-05
684.000,1.747e-05
684.500,1.748e-05
685.000,1.754e-05
685.500,1.756e-05
686.000,1.760e-05
686.500,1.767e-05
687.000,1.771e-05
687.500,1.772e-05
688.000,1.772e-05
688.500,1.772e-05
689.000,1.772e-05
689.500,1.770e-05
690.000,1.775e-05
690.500,1.775e-05
691.000,1.779e-05
691.500,1.786e-05
692.000,1.787e-05
692.500,1.792e-05
693.000,1.797e-05
693.500,1.804e-05
694.000,1.810e-05
694.500,1.818e-05
695.000,1.822e-05
695.500,1.812e-05
696.000,1.816e-05
696.500,1.823e-05
697.000,1.827e-05
697.500,1.826e-05
698.000,1.831e-05
698.500,1.835e-05
699.000,1.839e-05
699.500,1.837e-05
700.000,1.842e-05
700.500,1.849e-05
701.000,1.849e-05
701.500,1.854e-05
702.000,1.850e-05
702.500,1.851e-05
703.000,1.847e-05
703.500,1.872e-05
704.000,1.852e-05
704.500,1.851e-05
705.000,1.867e-05
705.500,1.878e-05
706.000,1.884e-05
706.500,1.888e-05
707.000,1.889e-05
707.500,1.895e-05
708.000,1.904e-05
708.500,1.908e-05
709.000,1.899e-05
709.500,1.893e-05
710.000,1.895e-05
710.500,1.895e-05
711.000,1.896e-05
711.500,1.897e-05
712.000,1.898e-05
712.500,1.902e-05
713.000,1.916e-05
713.500,1.917e-05
714.000,1.913e-05
714.500,1.915e-05
715.000,1.914e-05
715.500,1.915e-05
716.000,1.916e-05
716.500,1.913e-05
717.000,1.913e-05
717.500,1.909e-05
718.000,1.908e-05
718.500,1.909e-05
719.000,1.906e-05
719.500,1.902e-05
720.000,1.898e-05
720.500,1.900e-05
721.000,1.899e-05
721.500,1.897e-05
722.000,1.892e-05
722.500,1.892e-05
723.000,1.888e-05
723.500,1.884e-05
724.000,1.879e-05
724.500,1.870e-05
725.000,1.861e-05
725.500,1.850e-05
726.000,1.840e-05
726.500,1.813e-05
727.000,1.753e-05
727.500,1.691e-05
728.000,1.636e-05
728.500,1.561e-05
729.000,1.400e-05
729.500,1.242e-05
730.000,1.245e-05
730.500,1.176e-05
731.000,1.089e-05
731.500,1.033e-05
732.000,1.091e-05
732.500,1.156e-05
733.000,1.198e-05
733.500,1.225e-05
734.000,1.216e-05
734.500,1.157e-05
735.000,1.045e-05
735.500,9.197e-06
736.000,8.410e-06
736.500,8.651e-06
737.000,9.322e-06
737.500,9.823e-06
738.000,1.032e-05
738.500,1.147e-05
739.000,1.295e-05
739.500,1.416e-05
740.000,1.502e-05
740.500,1.570e-05
741.000,1.623e-05
741.500,1.638e-05
742.000,1.626e-05
742.500,1.607e-05
743.000,1.627e-05
743.500,1.665e-05
744.000,1.698e-05
744.500,1.728e-05
745.000,1.755e-05
745.500,1.791e-05
746.000,1.812e-05
746.500,1.822e-05
747.000,1.831e-05
747.500,1.836e-05
748.000,1.838e-05
748.500,1.835e-05
749.000,1.832e-05
749.500,1.828e-05
750.000,1.823e-05
750.500,1.834e-05
751.000,1.858e-05
751.500,1.881e-05
752.000,1.902e-05
752.500,1.924e-05
753.000,1.940e-05
753.500,1.961e-05
754.000,1.975e-05
754.500,1.984e-05
755.000,1.992e-05
755.500,1.994e-05
756.000,1.999e-05
756.500,2.002e-05
757.000,1.994e-05
757.500,1.983e-05
758.000,1.968e-05
758.500,1.962e-05
759.000,1.948e-05
759.500,1.965e-05
760.000,2.004e-05
760.500,2.027e-05
761.000,2.046e-05
761.500,2.058e-05
762.000,2.069e-05
762.500,2.074e-05
763.000,2.075e-05
763.500,2.077e-05
764.000,2.083e-05
764.500,2.078e-05
765.000,2.077e-05
765.500,2.082e-05
766.000,2.083e-05
766.500,2.081e-05
767.000,2.083e-05
767.500,2.092e-05
768.000,2.089e-05
768.500,2.092e-05
769.000,2.096e-05
769.500,2.094e-05
770.000,2.095e-05
770.500,2.096e-05
771.000,2.094e-05
771.500,2.089e-05
772.000,2.084e-05
772.500,2.078e-05
773.000,2.074e-05
773.500,2.057e-05
774.000,2.043e-05
774.500,2.024e-05
775.000,2.007e-05
775.500,2.006e-05
776.000,2.002e-05
776.500,1.995e-05
777.000,1.982e-05
777.500,1.975e-05
778.000,1.980e-05
778.500,1.987e-05
779.000,1.990e-05
779.500,1.989e-05
780.000,1.989e-05
780.500,1.987e-05
781.000,1.987e-05
781.500,1.983e-05
782.000,1.973e-05
782.500,1.955e-05
783.000,1.937e-05
783.500,1.935e-05
784.000,1.917e-05
784.500,1.895e-05
785.000,1.865e-05
785.500,1.831e-05
786.000,1.806e-05
786.500,1.779e-05
787.000,1.742e-05
787.500,1.676e-05
788.000,1.589e-05
788.500,1.471e-05
789.000,1.310e-05
789.500,1.152e-05
790.000,1.126e-05
790.500,1.061e-05
791.000,9.457e-06
791.500,9.350e-06
792.000,9.556e-06
792.500,1.059e-05
793.000,1.167e-05
793.500,1.237e-05
794.000,1.306e-05
794.500,1.322e-05
795.000,1.268e-05
795.500,1.264e-05
796.000,1.309e-05
796.500,1.360e-05
797.000,1.415e-05
797.500,1.460e-05
798.000,1.490e-05
798.500,1.536e-05
799.000,1.581e-05
799.500,1.603e-05
800.000,1.616e-05
800.500,1.620e-05
801.000,1.621e-05
801.500,1.635e-05
802.000,1.678e-05
802.500,1.731e-05
803.000,1.784e-05
803.500,1.829e-05
804.000,1.871e-05
804.500,1.910e-05
805.000,1.941e-05
805.500,1.975e-05
806.000,1.995e-05
806.500,2.015e-05
807.000,2.033e-05
807.500,2.046e-05
808.000,2.061e-05
808.500,2.070e-05
809.000,2.081e-05
809.500,2.089e-05
810.000,2.096e-05
810.500,2.106e-05
811.000,2.112e-05
811.500,2.110e-05
812.000,2.114e-05
812.500,2.118e-05
813.000,2.120e-05
813.500,2.124e-05
814.000,2.126e-05
814.500,2.133e-05
815.000,2.143e-05
815.500,2.145e-05
816.000,2.150e-05
816.500,2.156e-05
817.000,2.159e-05
817.500,2.161e-05
818.000,2.167e-05
818.500,2.169e-05
819.000,2.174e-05
819.500,2.182e-05
820.000,2.179e-05
820.500,2.181e-05
821.000,2.185e-05
821.500,2.185e-05
822.000,2.186e-05
822.500,2.185e-05
823.000,2.189e-05
823.500,2.187e-05
824.000,2.186e-05
824.500,2.185e-05
825.000,2.188e-05
825.500,2.190e-05
826.000,2.191e-05
826.500,2.197e-05
827.000,2.198e-05
827.500,2.202e-05
828.000,2.208e-05
828.500,2.208e-05
829.000,2.209e-05
829.500,2.214e-05
830.000,2.210e-05
830.500,2.210e-05
831.000,2.207e-05
831.500,2.210e-05
832.000,2.212e-05
832.500,2.214e-05
833.000,2.216e-05
833.500,2.216e-05
834.000,2.222e-05
834.500,2.228e-05
835.000,2.236e-05
835.500,2.247e-05
836.000,2.266e-05
836.500,2.302e-05
837.000,2.294e-05
837.500,2.284e-05
838.000,2.272e-05
838.500,2.259e-05
839.000,2.246e-05
839.500,2.234e-05
840.000,2.227e-05
840.500,2.225e-05
841.000,2.222e-05
841.500,2.227e-05
842.000,2.225e-05
842.500,2.222e-05
843.000,2.220e-05
843.500,2.224e-05
844.000,2.226e-05
844.500,2.224e-05
845.000,2.232e-05
845.500,2.228e-05
846.000,2.224e-05
846.500,2.230e-05
847.000,2.225e-05
847.500,2.220e-05
848.000,2.221e-05
848.500,2.223e-05
849.000,2.214e-05
849.500,2.214e-05
850.000,2.213e-05
850.500,2.216e-05
851.000,2.221e-05
851.500,2.220e-05
852.000,2.214e-05
852.500,2.209e-05
853.000,2.206e-05
853.500,2.204e-05
854.000,2.199e-05
854.500,2.195e-05
855.000,2.194e-05
855.500,2.187e-05
856.000,2.181e-05
856.500,2.174e-05
857.000,2.170e-05
857.500,2.162e-05
858.000,2.156e-05
858.500,2.140e-05
859.000,2.115e-05
859.500,2.072e-05
860.000,1.988e-05
860.500,1.913e-05
861.000,1.949e-05
861.500,1.967e-05
862.000,1.936e-05
862.500,1.838e-05
863.000,1.744e-05
863.500,1.772e-05
864.000,1.833e-05
864.500,1.882e-05
865.000,1.899e-05
865.500,1.869e-05
866.000,1.869e-05
866.500,1.918e-05
867.000,1.981e-05
867.500,2.039e-05
868.000,2.090e-05
868.500,2.134e-05
869.000,2.162e-05
869.500,2.184e-05
870.000,2.202e-05
870.500,2.218e-05
871.000,2.225e-05
871.500,2.242e-05
872.000,2.256e-05
872.500,2.268e-05
873.000,2.278e-05
873.500,2.287e-05
874.000,2.289e-05
874.500,2.301e-05
875.000,2.305e-05
875.500,2.313e-05
876.000,2.322e-05
876.500,2.328e-05
877.000,2.327e-05
877.500,2.337e-05
878.000,2.336e-05
878.500,2.341e-05
879.000,2.338e-05
879.500,2.347e-05
880.000,2.348e-05
880.500,2.348e-05
881.000,2.345e-05
881.500,2.352e-05
882.000,2.352e-05
882.500,2.346e-05
883.000,2.344e-05
883.500,2.344e-05
884.000,2.343e-05
884.500,2.342e-05
885.000,2.343e-05
885.500,2.345e-05
886.000,2.341e-05
886.500,2.340e-05
887.000,2.341e-05
887.500,2.339e-05
888.000,2.338e-05
888.500,2.340e-05
889.000,2.340e-05
889.500,2.339e-05
890.000,2.342e-05
890.500,2.332e-05
891.000,2.327e-05
891.500,2.327e-05
892.000,2.326e-05
892.500,2.322e-05
893.000,2.319e-05
893.500,2.318e-05
894.000,2.319e-05
894.500,2.322e-05
895.000,2.313e-05
895.500,2.313e-05
896.000,2.313e-05
896.500,2.313e-05
897.000,2.313e-05
897.500,2.312e-05
898.000,2.315e-05
898.500,2.318e-05
899.000,2.319e-05
899.500,2.316e-05
900.000,2.310e-05
900.500,2.309e-05
901.000,2.303e-05
901.500,2.302e-05
902.000,2.294e-05
902.500,2.289e-05
903.000,2.293e-05
903.500,2.288e-05
904.000,2.277e-05
904.500,2.273e-05
905.000,2.267e-05
905.500,2.271e-05
906.000,2.278e-05
906.500,2.275e-05
907.000,2.273e-05
907.500,2.275e-05
908.000,2.275e-05
908.500,2.274e-05
909.000,2.282e-05
909.500,2.282e-05
910.000,2.280e-05
910.500,2.275e-05
911.000,2.268e-05
911.500,2.272e-05
912.000,2.265e-05
912.500,2.262e-05
913.000,2.268e-05
913.500,2.259e-05
914.000,2.256e-05
914.500,2.260e-05
915.000,2.263e-05
915.500,2.259e-05
916.000,2.249e-05
916.500,2.252e-05
917.000,2.248e-05
917.500,2.244e-05
918.000,2.246e-05
918.500,2.243e-05
919.000,2.244e-05
919.500,2.243e-05
920.000,2.241e-05
920.500,2.246e-05
921.000,2.245e-05
921.500,2.249e-05
922.000,2.250e-05
922.500,2.250e-05
923.000,2.253e-05
923.500,2.256e-05
924.000,2.256e-05
924.500,2.258e-05
925.000,2.257e-05
925.500,2.255e-05
926.000,2.259e-05
926.500,2.256e-05
927.000,2.259e-05
927.500,2.263e-05
928.000,2.261e-05
928.500,2.264e-05
929.000,2.267e-05
929.500,2.263e-05
930.000,2.263e-05
930.500,2.264e-05
931.000,2.260e-05
931.500,2.266e-05
932.000,2.267e-05
932.500,2.271e-05
933.000,2.269e-05
933.500,2.268e-05
934.000,2.268e-05
934.500,2.256e-05
935.000,2.258e-05
935.500,2.260e-05
936.000,2.260e-05
936.500,2.266e-05
937.000,2.261e-05
937.500,2.260e-05
938.000,2.260e-05
938.500,2.259e-05
939.000,2.263e-05
939.500,2.264e-05
940.000,2.266e-05
940.500,2.264e-05
941.000,2.262e-05
941.500,2.265e-05
942.000,2.263e-05
942.500,2.261e-05
943.000,2.251e-05
943.500,2.250e-05
944.000,2.252e-05
944.500,2.244e-05
945.000,2.258e-05
945.500,2.260e-05
946.000,2.255e-05
946.500,2.257e-05
947.000,2.256e-05
947.500,2.253e-05
948.000,2.256e-05
948.500,2.242e-05
949.000,2.245e-05
949.500,2.245e-05
950.000,2.246e-05
950.500,2.247e-05
951.000,2.251e-05
951.500,2.260e-05
952.000,2.266e-05
952.500,2.261e-05
953.000,2.268e-05
953.500,2.276e-05
954.000,2.274e-05
954.500,2.272e-05
955.000,2.268e-05
955.500,2.274e-05
956.000,2.274e-05
956.500,2.279e-05
957.000,2.279e-05
957.500,2.287e-05
958.000,2.287e-05
958.500,2.290e-05
959.000,2.287e-05
959.500,2.285e-05
960.000,2.293e-05
960.500,2.288e-05
961.000,2.291e-05
961.500,2.293e-05
962.000,2.287e-05
962.500,2.290e-05
963.000,2.290e-05
963.500,2.283e-05
964.000,2.285e-05
964.500,2.284e-05
965.000,2.284e-05
965.500,2.284e-05
966.000,2.282e-05
966.500,2.282e-05
967.000,2.284e-05
967.500,2.283e-05
968.000,2.281e-05
968.500,2.280e-05
969.000,2.273e-05
969.500,2.272e-05
970.000,2.270e-05
970.500,2.266e-05
971.000,2.268e-05
971.500,2.269e-05
972.000,2.274e-05
972.500,2.274e-05
973.000,2.274e-05
973.500,2.271e-05
974.000,2.269e-05
974.500,2.270e-05
975.000,2.266e-05
975.500,2.270e-05
976.000,2.272e-05
976.500,2.269e-05
977.000,2.270e-05
977.500,2.268e-05
978.000,2.266e-05
978.500,2.267e-05
979.000,2.267e-05
979.500,2.264e-05
980.000,2.262e-05
980.500,2.261e-05
981.000,2.260e-05
981.500,2.261e-05
982.000,2.262e-05
982.500,2.265e-05
983.000,2.262e-05
983.500,2.259e-05
984.000,2.267e-05
984.500,2.262e-05
985.000,2.263e-05
985.500,2.257e-05
986.000,2.262e-05
986.500,2.261e-05
987.000,2.264e-05
987.500,2.260e-05
988.000,2.257e-05
988.500,2.255e-05
989.000,2.253e-05
989.500,2.255e-05
990.000,2.251e-05
990.500,2.252e-05
991.000,2.248e-05
991.500,2.248e-05
992.000,2.250e-05
992.500,2.250e-05
993.000,2.250e-05
993.500,2.253e-05
994.000,2.252e-05
994.500,2.251e-05
995.000,2.254e-05
995.500,2.253e-05
996.000,2.252e-05
996.500,2.253e-05
997.000,2.242e-05
997.500,2.244e-05
998.000,2.243e-05
998.500,2.243e-05
999.000,2.243e-05
999.500,2.240e-05
1000.000,2.204e-05
1000.500,2.200e-05
1001.000,2.204e-05
1001.500,2.201e-05
1002.000,2.205e-05
1002.500,2.201e-05
1003.000,2.200e-05
1003.500,2.195e-05
1004.000,2.198e-05
1004.500,2.201e-05
1005.000,2.203e-05
1005.500,2.200e-05
1006.000,2.200e-05
1006.500,2.198e-05
1007.000,2.198e-05
1007.500,2.196e-05
1008.000,2.200e-05
1008.500,2.199e-05
1009.000,2.205e-05
1009.500,2.199e-05
1010.000,2.202e-05
1010.500,2.202e-05
1011.000,2.200e-05
1011.500,2.201e-05
1012.000,2.192e-05
1012.500,2.189e-05
1013.000,2.192e-05
1013.500,2.187e-05
1014.000,2.187e-05
1014.500,2.188e-05
1015.000,2.187e-05
1015.500,2.190e-05
1016.000,2.186e-05
1016.500,2.190e-05
1017.000,2.184e-05
1017.500,2.185e-05
1018.000,2.183e-05
1018.500,2.183e-05
1019.000,2.187e-05
1019.500,2.180e-05
1020.000,2.185e-05
1020.500,2.182e-05
1021.000,2.179e-05
1021.500,2.175e-05
1022.000,2.186e-05
1022.500,2.182e-05
1023.000,2.178e-05
1023.500,2.174e-05
1024.000,2.177e-05
1024.500,2.171e-05
1025.000,2.176e-05
1025.500,2.176e-05
1026.000,2.171e-05
1026.500,2.176e-05
1027.000,2.171e-05
1027.500,2.167e-05
1028.000,2.162e-05
1028.500,2.168e-05
1029.000,2.163e-05
1029.500,2.159e-05
1030.000,2.158e-05
1030.500,2.165e-05
1031.000,2.162e-05
1031.500,2.158e-05
1032.000,2.160e-05
1032.500,2.162e-05
1033.000,2.165e-05
1033.500,2.163e-05
1034.000,2.164e-05
1034.500,2.162e-05
1035.000,2.159e-05
1035.500,2.162e-05
1036.000,2.160e-05
1036.500,2.157e-05
1037.000,2.157e-05
1037.500,2.155e-05
1038.000,2.158e-05
1038.500,2.155e-05
1039.000,2.153e-05
1039.500,2.148e-05
1040.000,2.155e-05
1040.500,2.154e-05
1041.000,2.154e-05
1041.500,2.148e-05
1042.000,2.149e-05
1042.500,2.151e-05
1043.000,2.155e-05
1043.500,2.152e-05
1044.000,2.151e-05
1044.500,2.148e-05
1045.000,2.151e-05
1045.500,2.148e-05
1046.000,2.149e-05
1046.500,2.144e-05
1047.000,2.143e-05
1047.500,2.140e-05
1048.000,2.139e-05
1048.500,2.138e-05
1049.000,2.141e-05
1049.500,2.136e-05
1050.000,2.136e-05
1050.500,2.136e-05
1051.000,2.134e-05
1051.500,2.134e-05
1052.000,2.130e-05
1052.500,2.136e-05
1053.000,2.137e-05
1053.500,2.138e-05
1054.000,2.135e-05
1054.500,2.138e-05
1055.000,2.139e-05
1055.500,2.136e-05
1056.000,2.136e-05
1056.500,2.146e-05
1057.000,2.141e-05
1057.500,2.137e-05
1058.000,2.132e-05
1058.500,2.133e-05
1059.000,2.135e-05
1059.500,2.135e-05
1060.000,2.132e-05
1060.500,2.131e-05
1061.000,2.130e-05
1061.500,2.130e-05
1062.000,2.127e-05
1062.500,2.128e-05
1063.000,2.128e-05
1063.500,2.134e-05
1064.000,2.128e-05
1064.500,2.128e-05
1065.000,2.128e-05
1065.500,2.127e-05
1066.000,2.122e-05
1066.500,2.126e-05
1067.000,2.122e-05
1067.500,2.121e-05
1068.000,2.118e-05
1068.500,2.119e-05
1069.000,2.119e-05
1069.500,2.130e-05
1070.000,2.121e-05
1070.500,2.121e-05
1071.000,2.114e-05
1071.500,2.115e-05
1072.000,2.112e-05
1072.500,2.112e-05
1073.000,2.108e-05
1073.500,2.104e-05
1074.000,2.106e-05
1074.500,2.105e-05
1075.000,2.101e-05
1075.500,2.099e-05
1076.000,2.094e-05
1076.500,2.094e-05
1077.000,2.092e-05
1077.500,2.094e-05
1078.000,2.088e-05
1078.500,2.085e-05
1079.000,2.087e-05
1079.500,2.087e-05
1080.000,2.084e-05
1080.500,2.083e-05
1081.000,2.084e-05
1081.500,2.086e-05
1082.000,2.085e-05
1082.500,2.083e-05
1083.000,2.085e-05
1083.500,2.086e-05
1084.000,2.088e-05
1084.500,2.084e-05
1085.000,2.087e-05
1085.500,2.085e-05
1086.000,2.088e-05
1086.500,2.088e-05
1087.000,2.091e-05
1087.500,2.088e-05
1088.000,2.093e-05
1088.500,2.090e-05
1089.000,2.110e-05
1089.500,2.096e-05
1090.000,2.090e-05
1090.500,2.087e-05
1091.000,2.086e-05
1091.500,2.089e-05
1092.000,2.089e-05
1092.500,2.086e-05
1093.000,2.085e-05
1093.500,2.086e-05
1094.000,2.087e-05
1094.500,2.084e-05
1095.000,2.086e-05
1095.500,2.085e-05
1096.000,2.079e-05
1096.500,2.083e-05
1097.000,2.080e-05
1097.500,2.084e-05
1098.000,2.076e-05
1098.500,2.073e-05
1099.000,2.081e-05
1099.500,2.083e-05
1100.000,2.080e-05
1100.500,2.077e-05
1101.000,2.069e-05
1101.500,2.069e-05
1102.000,2.070e-05
1102.500,2.072e-05
1103.000,2.073e-05
1103.500,2.068e-05
1104.000,2.066e-05
1104.500,2.058e-05
1105.000,2.060e-05
1105.500,2.057e-05
1106.000,2.060e-05
1106.500,2.057e-05
1107.000,2.057e-05
1107.500,2.053e-05
1108.000,2.045e-05
1108.500,2.041e-05
1109.000,2.034e-05
1109.500,2.039e-05
1110.000,2.037e-05
1110.500,2.035e-05
1111.000,2.038e-05
1111.500,2.038e-05
1112.000,2.034e-05
1112.500,2.037e-05
1113.000,2.038e-05
1113.500,2.033e-05
1114.000,2.026e-05
1114.500,2.036e-05
1115.000,2.032e-05
1115.500,2.032e-05
1116.000,2.034e-05
1116.500,2.022e-05
1117.000,2.031e-05
1117.500,2.024e-05
1118.000,2.031e-05
1118.500,2.019e-05
1119.000,2.020e-05
1119.500,2.020e-05
1120.000,2.022e-05
1120.500,2.016e-05
1121.000,2.031e-05
1121.500,2.017e-05
1122.000,2.007e-05
1122.500,2.006e-05
1123.000,2.016e-05
1123.500,2.010e-05
1124.000,2.044e-05
1124.500,2.038e-05
1125.000,2.019e-05
1125.500,1.987e-05
1126.000,2.007e-05
1126.500,2.009e-05
1127.000,2.011e-05
1127.500,2.003e-05
1128.000,2.008e-05
1128.500,2.015e-05
1129.000,2.008e-05
1129.500,2.008e-05
1130.000,2.001e-05
1130.500,2.012e-05
1131.000,2.016e-05
1131.500,2.012e-05
1132.000,2.006e-05
1132.500,2.005e-05
1133.000,2.003e-05
1133.500,1.997e-05
1134.000,1.994e-05
1134.500,1.973e-05
1135.000,1.970e-05
1135.500,2.000e-05
1136.000,1.983e-05
1136.500,2.004e-05
1137.000,2.001e-05
1137.500,1.992e-05
1138.000,1.990e-05
1138.500,1.983e-05
1139.000,1.991e-05
1139.500,1.991e-05
1140.000,1.982e-05
1140.500,1.987e-05
1141.000,1.983e-05
1141.500,1.987e-05
1142.000,1.992e-05
1142.500,1.997e-05
1143.000,2.002e-05
1143.500,1.997e-05
1144.000,1.991e-05
1144.500,1.979e-05
1145.000,2.002e-05
1145.500,2.006e-05
1146.000,2.005e-05
1146.500,1.998e-05
1147.000,2.003e-05
1147.500,2.003e-05
1148.000,2.013e-05
1148.500,2.013e-05
1149.000,2.009e-05
1149.500,2.004e-05
1150.000,2.012e-05
1150.500,2.010e-05
1151.000,2.008e-05
1151.500,2.004e-05
1152.000,1.989e-05
1152.500,1.980e-05
1153.000,1.995e-05
1153.500,2.004e-05
1154.000,1.996e-05
1154.500,1.995e-05
1155.000,1.993e-05
1155.500,1.988e-05
1156.000,1.984e-05
1156.500,1.983e-05
1157.000,1.980e-05
1157.500,1.973e-05
1158.000,1.975e-05
1158.500,1.976e-05
1159.000,1.973e-05
1159.500,1.966e-05
1160.000,1.960e-05
1160.500,1.960e-05
1161.000,1.956e-05
1161.500,1.955e-05
1162.000,1.957e-05
1162.500,1.950e-05
1163.000,1.952e-05
1163.500,1.950e-05
1164.000,1.953e-05
1164.500,1.958e-05
1165.000,1.946e-05
1165.500,1.946e-05
1166.000,1.943e-05
1166.500,1.944e-05
1167.000,1.945e-05
1167.500,1.941e-05
1168.000,1.944e-05
1168.500,1.940e-05
1169.000,1.940e-05
1169.500,1.934e-05
1170.000,1.930e-05
1170.500,1.931e-05
1171.000,1.926e-05
1171.500,1.929e-05
1172.000,1.930e-05
1172.500,1.929e-05
1173.000,1.930e-05
1173.500,1.921e-05
1174.000,1.923e-05
1174.500,1.924e-05
1175.000,1.916e-05
1175.500,1.918e-05
1176.000,1.915e-05
1176.500,1.918e-05
1177.000,1.917e-05
1177.500,1.910e-05
1178.000,1.910e-05
1178.500,1.908e-05
1179.000,1.917e-05
1179.500,1.915e-05
1180.000,1.909e-05
1180.500,1.909e-05
1181.000,1.906e-05
1181.500,1.903e-05
1182.000,1.896e-05
1182.500,1.901e-05
1183.000,1.900e-05
1183.500,1.896e-05
1184.000,1.889e-05
1184.500,1.881e-05
1185.000,1.881e-05
1185.500,1.881e-05
1186.000,1.879e-05
1186.500,1.876e-05
1187.000,1.873e-05
1187.500,1.869e-05
1188.000,1.868e-05
1188.500,1.866e-05
1189.000,1.866e-05
1189.500,1.869e-05
1190.000,1.870e-05
1190.500,1.866e-05
1191.000,1.859e-05
1191.500,1.858e-05
1192.000,1.854e-05
1192.500,1.856e-05
1193.000,1.855e-05
1193.500,1.848e-05
1194.000,1.852e-05
1194.500,1.849e-05
1195.000,1.850e-05
1195.500,1.847e-05
1196.000,1.846e-05
1196.500,1.841e-05
1197.000,1.840e-05
1197.500,1.836e-05
1198.000,1.839e-05
1198.500,1.835e-05
1199.000,1.829e-05
1199.500,1.832e-05
1200.000,1.826e-05
