# IstTemp[K]=...K
450.000,3.665e-06
450.500,3.672e-06
451.000,3.706e-06
451.500,3.783e-06
452.000,3.787e-06
452.500,3.823e-06
453.000,3.864e-06
453.500,3.888e-06
454.000,3.912e-06
454.500,3.943e-06
455.000,4.004e-06
455.500,4.019e-06
456.000,4.015e-06
456.500,4.065e-06
457.000,4.051e-06
457.500,4.106e-06
458.000,4.132e-06
458.500,4.124e-06
459.000,4.201e-06
459.500,4.315e-06
460.000,4.329e-06
460.500,4.390e-06
461.000,4.413e-06
461.500,4.410e-06
462.000,4.462e-06
462.500,4.538e-06
463.000,4.572e-06
463.500,4.602e-06
464.000,4.636e-06
464.500,4.672e-06
465.000,4.699e-06
465.500,4.699e-06
466.000,4.738e-06
466.500,4.778e-06
467.000,4.751e-06
467.500,4.808e-06
468.000,4.808e-06
468.500,4.821e-06
469.000,4.880e-06
469.500,4.937e-06
470.000,5.034e-06
470.500,5.045e-06
471.000,5.083e-06
471.500,5.123e-06
472.000,5.183e-06
472.500,5.246e-06
473.000,5.360e-06
473.500,5.442e-06
474.000,5.563e-06
474.500,5.634e-06
475.000,5.701e-06
475.500,5.726e-06
476.000,5.628e-06
476.500,5.569e-06
477.000,5.501e-06
477.500,5.387e-06
478.000,5.366e-06
478.500,5.302e-06
479.000,5.243e-06
479.500,5.265e-06
480.000,5.259e-06
480.500,5.221e-06
481.000,5.165e-06
481.500,5.180e-06
482.000,5.168e-06
482.500,5.193e-06
483.000,5.269e-06
483.500,5.310e-06
484.000,5.354e-06
484.500,5.430e-06
485.000,5.503e-06
485.500,5.484e-06
486.000,5.524e-06
486.500,5.576e-06
487.000,5.640e-06
487.500,5.627e-06
488.000,5.619e-06
488.500,5.612e-06
489.000,5.639e-06
489.500,5.604e-06
490.000,5.591e-06
490.500,5.612e-06
491.000,5.645e-06
491.500,5.651e-06
492.000,5.695e-06
492.500,5.840e-06
493.000,5.915e-06
493.500,5.887e-06
494.000,5.987e-06
494.500,6.053e-06
495.000,6.102e-06
495.500,6.116e-06
496.000,6.157e-06
496.500,6.177e-06
497.000,6.180e-06
497.500,6.177e-06
498.000,6.191e-06
498.500,6.172e-06
499.000,6.202e-06
499.500,6.181e-06
500.000,6.190e-06
500.500,6.205e-06
501.000,6.228e-06
501.500,6.225e-06
502.000,6.245e-06
502.500,6.260e-06
503.000,6.312e-06
503.500,6.313e-06
504.000,6.364e-06
504.500,6.374e-06
505.000,6.417e-06
505.500,6.427e-06
506.000,6.476e-06
506.500,6.507e-06
507.000,6.525e-06
507.500,6.559e-06
508.000,6.600e-06
508.500,6.602e-06
509.000,6.631e-06
509.500,6.655e-06
510.000,6.659e-06
510.500,6.697e-06
511.000,6.739e-06
511.500,6.762e-06
512.000,6.840e-06
512.500,6.882e-06
513.000,6.877e-06
513.500,6.926e-06
514.000,6.954e-06
514.500,6.978e-06
515.000,7.019e-06
515.500,7.023e-06
516.000,7.071e-06
516.500,7.067e-06
517.000,7.074e-06
517.500,7.109e-06
518.000,7.119e-06
518.500,7.148e-06
519.000,7.127e-06
519.500,7.137e-06
520.000,7.187e-06
520.500,7.223e-06
521.000,7.249e-06
521.500,7.271e-06
522.000,7.321e-06
522.500,7.335e-06
523.000,7.400e-06
523.500,7.429e-06
524.000,7.464e-06
524.500,7.500e-06
525.000,7.489e-06
525.500,7.532e-06
526.000,7.580e-06
526.500,7.606e-06
527.000,7.624e-06
527.500,7.634e-06
528.000,7.644e-06
528.500,7.654e-06
529.000,7.691e-06
529.500,7.726e-06
530.000,7.718e-06
530.500,7.721e-06
531.000,7.769e-06
531.500,7.800e-06
532.000,7.812e-06
532.500,7.844e-06
533.000,7.861e-06
533.500,7.861e-06
534.000,7.892e-06
534.500,7.966e-06
535.000,7.980e-06
535.500,8.034e-06
536.000,8.037e-06
536.500,8.065e-06
537.000,8.128e-06
537.500,8.112e-06
538.000,8.092e-06
538.500,8.065e-06
539.000,8.091e-06
539.500,8.078e-06
540.000,8.190e-06
540.500,8.334e-06
541.000,8.302e-06
541.500,8.299e-06
542.000,8.275e-06
542.500,8.290e-06
543.000,8.291e-06
543.500,8.329e-06
544.000,8.311e-06
544.500,8.354e-06
545.000,8.366e-06
545.500,8.404e-06
546.000,8.409e-06
546.500,8.441e-06
547.000,8.475e-06
547.500,8.538e-06
548.000,8.560e-06
548.500,8.630e-06
549.000,8.658e-06
549.500,8.705e-06
550.000,8.748e-06
550.500,8.821e-06
551.000,8.842e-06
551.500,8.882e-06
552.000,8.911e-06
552.500,8.932e-06
553.000,8.946e-06
553.500,8.986e-06
554.000,8.988e-06
554.500,9.014e-06
555.000,9.036e-06
555.500,9.039e-06
556.000,9.074e-06
556.500,9.102e-06
557.000,9.099e-06
557.500,9.129e-06
558.000,9.159e-06
558.500,9.177e-06
559.000,9.195e-06
559.500,9.228e-06
560.000,9.245e-06
560.500,9.307e-06
561.000,9.302e-06
561.500,9.341e-06
562.000,9.355e-06
562.500,9.387e-06
563.000,9.421e-06
563.500,9.452e-06
564.000,9.476e-06
564.500,9.509e-06
565.000,9.521e-06
565.500,9.585e-06
566.000,9.582e-06
566.500,9.632e-06
567.000,9.636e-06
567.500,9.639e-06
568.000,9.648e-06
568.500,9.663e-06
569.000,9.656e-06
569.500,9.687e-06
570.000,9.678e-06
570.500,9.678e-06
571.000,9.728e-06
571.500,9.740e-06
572.000,9.758e-06
572.500,9.768e-06
573.000,9.807e-06
573.500,9.828e-06
574.000,9.856e-06
574.500,9.889e-06
575.000,9.925e-06
575.500,9.946e-06
576.000,9.978e-06
576.500,9.990e-06
577.000,1.001e-05
577.500,1.005e-05
578.000,1.007e-05
578.500,1.008e-05
579.000,1.013e-05
579.500,1.014e-05
580.000,1.014e-05
580.500,1.016e-05
581.000,1.019e-05
581.500,1.018e-05
582.000,1.023e-05
582.500,1.026e-05
583.000,1.028e-05
583.500,1.032e-05
584.000,1.034e-05
584.500,1.035e-05
585.000,1.039e-05
585.500,1.040e-05
586.000,1.044e-05
586.500,1.046e-05
587.000,1.046e-05
587.500,1.047e-05
588.000,1.052e-05
588.500,1.056e-05
589.000,1.056e-05
589.500,1.056e-05
590.000,1.060e-05
590.500,1.065e-05
591.000,1.068e-05
591.500,1.068e-05
592.000,1.071e-05
592.500,1.074e-05
593.000,1.077e-05
593.500,1.080e-05
594.000,1.079e-05
594.500,1.084e-05
595.000,1.084e-05
595.500,1.088e-05
596.000,1.092e-05
596.500,1.089e-05
597.000,1.092e-05
597.500,1.095e-05
598.000,1.097e-05
598.500,1.101e-05
599.000,1.101e-05
599.500,1.102e-05
600.000,1.109e-05
600.500,1.113e-05
601.000,1.113e-05
601.500,1.116e-05
602.000,1.119e-05
602.500,1.124e-05
603.000,1.128e-05
603.500,1.128e-05
604.000,1.132e-05
604.500,1.136e-05
605.000,1.136e-05
605.500,1.141e-05
606.000,1.141e-05
606.500,1.143e-05
607.000,1.147e-05
607.500,1.149e-05
608.000,1.147e-05
608.500,1.149e-05
609.000,1.147e-05
609.500,1.147e-05
610.000,1.149e-05
610.500,1.155e-05
611.000,1.159e-05
611.500,1.164e-05
612.000,1.164e-05
612.500,1.167e-05
613.000,1.170e-05
613.500,1.176e-05
614.000,1.178e-05
614.500,1.184e-05
615.000,1.184e-05
615.500,1.188e-05
616.000,1.191e-05
616.500,1.198e-05
617.000,1.197e-05
617.500,1.203e-05
618.000,1.199e-05
618.500,1.200e-05
619.000,1.198e-05
619.500,1.199e-05
620.000,1.192e-05
620.500,1.189e-05
621.000,1.187e-05
621.500,1.192e-05
622.000,1.195e-05
622.500,1.199e-05
623.000,1.199e-05
623.500,1.200e-05
624.000,1.207e-05
624.500,1.209e-05
625.000,1.207e-05
625.500,1.203e-05
626.000,1.209e-05
626.500,1.216e-05
627.000,1.217e-05
627.500,1.219e-05
628.000,1.219e-05
628.500,1.224e-05
629.000,1.232e-05
629.500,1.230e-05
630.000,1.236e-05
630.500,1.241e-05
631.000,1.244e-05
631.500,1.239e-05
632.000,1.239e-05
632.500,1.240e-05
633.000,1.246e-05
633.500,1.245e-05
634.000,1.245e-05
634.500,1.247e-05
635.000,1.246e-05
635.500,1.245e-05
636.000,1.249e-05
636.500,1.253e-05
637.000,1.258e-05
637.500,1.257e-05
638.000,1.261e-05
638.500,1.258e-05
639.000,1.258e-05
639.500,1.260e-05
640.000,1.261e-05
640.500,1.257e-05
641.000,1.262e-05
641.500,1.260e-05
642.000,1.255e-05
642.500,1.260e-05
643.000,1.258e-05
643.500,1.257e-05
644.000,1.263e-05
644.500,1.261e-05
645.000,1.267e-05
645.500,1.269e-05
646.000,1.271e-05
646.500,1.268e-05
647.000,1.273e-05
647.500,1.271e-05
648.000,1.279e-05
648.500,1.277e-05
649.000,1.279e-05
649.500,1.278e-05
650.000,1.282e-05
650.500,1.691e-05
651.000,1.715e-05
651.500,1.725e-05
652.000,1.728e-05
652.500,1.731e-05
653.000,1.734e-05
653.500,1.739e-05
654.000,1.745e-05
654.500,1.748e-05
655.000,1.750e-05
655.500,1.756e-05
656.000,1.761e-05
656.500,1.761e-05
657.000,1.764e-05
657.500,1.766e-05
658.000,1.771e-05
658.500,1.775e-05
659.000,1.773e-05
659.500,1.773e-05
660.000,1.782e-05
660.500,1.789e-05
661.000,1.790e-05
661.500,1.792e-05
662.000,1.800e-05
662.500,1.799e-05
663.000,1.803e-05
663.500,1.808e-05
664.000,1.813e-05
664.500,1.818e-05
665.000,1.818e-05
665.500,1.824e-05
666.000,1.827e-05
666.500,1.828e-05
667.000,1.836e-05
667.500,1.840e-05
668.000,1.838e-05
668.500,1.845e-05
669.000,1.849e-05
669.500,1.850e-05
670.000,1.854e-05
670.500,1.857e-05
671.000,1.865e-05
671.500,1.862e-05
672.000,1.865e-05
672.500,1.870e-05
673.000,1.877e-05
673.500,1.879e-05
674.000,1.879e-05
674.500,1.883e-05
675.000,1.885e-05
675.500,1.888e-05
676.000,1.894e-05
676.500,1.895e-05
677.000,1.899e-05
677.500,1.900e-05
678.000,1.905e-05
678.500,1.911e-05
679.000,1.909e-05
679.500,1.913e-05
680.000,1.919e-05
680.500,1.921e-05
681.000,1.923e-05
681.500,1.929e-05
682.000,1.927e-05
682.500,1.933e-05
683.000,1.930e-05
683.500,1.933e-05
684.000,1.940e-05
684.500,1.937e-05
685.000,1.943e-05
685.500,1.942e-05
686.000,1.946e-05
686.500,1.951e-05
687.000,1.952e-05
687.500,1.955e-05
688.000,1.955e-05
688.500,1.960e-05
689.000,1.964e-05
689.500,1.966e-05
690.000,1.971e-05
690.500,1.970e-05
691.000,1.974e-05
691.500,1.982e-05
692.000,1.981e-05
692.500,1.985e-05
693.000,1.984e-05
693.500,1.991e-05
694.000,1.996e-05
694.500,1.993e-05
695.000,1.999e-05
695.500,2.004e-05
696.000,2.006e-05
696.500,2.013e-05
697.000,2.011e-05
697.500,2.015e-05
698.000,2.018e-05
698.500,2.022e-05
699.000,2.027e-05
699.500,2.026e-05
700.000,2.030e-05
700.500,2.033e-05
701.000,2.035e-05
701.500,2.040e-05
702.000,2.039e-05
702.500,2.042e-05
703.000,2.041e-05
703.500,2.047e-05
704.000,2.048e-05
704.500,2.049e-05
705.000,2.054e-05
705.500,2.057e-05
706.000,2.059e-05
706.500,2.063e-05
707.000,2.065e-05
707.500,2.065e-05
708.000,2.067e-05
708.500,2.073e-05
709.000,2.074e-05
709.500,2.077e-05
710.000,2.081e-05
710.500,2.084e-05
711.000,2.087e-05
711.500,2.087e-05
712.000,2.089e-05
712.500,2.087e-05
713.000,2.091e-05
713.500,2.095e-05
714.000,2.091e-05
714.500,2.096e-05
715.000,2.100e-05
715.500,2.103e-05
716.000,2.105e-05
716.500,2.107e-05
717.000,2.105e-05
717.500,2.108e-05
718.000,2.108e-05
718.500,2.108e-05
719.000,2.105e-05
719.500,2.111e-05
720.000,2.112e-05
720.500,2.116e-05
721.000,2.118e-05
721.500,2.124e-05
722.000,2.122e-05
722.500,2.124e-05
723.000,2.124e-05
723.500,2.131e-05
724.000,2.132e-05
724.500,2.136e-05
725.000,2.136e-05
725.500,2.137e-05
726.000,2.139e-05
726.500,2.147e-05
727.000,2.148e-05
727.500,2.151e-05
728.000,2.153e-05
728.500,2.153e-05
729.000,2.157e-05
729.500,2.154e-05
730.000,2.153e-05
730.500,2.166e-05
731.000,2.170e-05
731.500,2.171e-05
732.000,2.173e-05
732.500,2.174e-05
733.000,2.179e-05
733.500,2.181e-05
734.000,2.179e-05
734.500,2.183e-05
735.000,2.170e-05
735.500,2.165e-05
736.000,2.193e-05
736.500,2.189e-05
737.000,2.188e-05
737.500,2.193e-05
738.000,2.198e-05
738.500,2.196e-05
739.000,2.199e-05
739.500,2.202e-05
740.000,2.205e-05
740.500,2.214e-05
741.000,2.215e-05
741.500,2.219e-05
742.000,2.229e-05
742.500,2.231e-05
743.000,2.235e-05
743.500,2.229e-05
744.000,2.230e-05
744.500,2.230e-05
745.000,2.229e-05
745.500,2.231e-05
746.000,2.225e-05
746.500,2.226e-05
747.000,2.235e-05
747.500,2.236e-05
748.000,2.238e-05
748.500,2.246e-05
749.000,2.240e-05
749.500,2.239e-05
750.000,2.239e-05
750.500,2.244e-05
751.000,2.247e-05
751.500,2.245e-05
752.000,2.248e-05
752.500,2.260e-05
753.000,2.255e-05
753.500,2.264e-05
754.000,2.270e-05
754.500,2.270e-05
755.000,2.272e-05
755.500,2.278e-05
756.000,2.285e-05
756.500,2.291e-05
757.000,2.296e-05
757.500,2.298e-05
758.000,2.293e-05
758.500,2.301e-05
759.000,2.299e-05
759.500,2.304e-05
760.000,2.313e-05
760.500,2.309e-05
761.000,2.310e-05
761.500,2.307e-05
762.000,2.309e-05
762.500,2.312e-05
763.000,2.312e-05
763.500,2.314e-05
764.000,2.317e-05
764.500,2.318e-05
765.000,2.317e-05
765.500,2.315e-05
766.000,2.322e-05
766.500,2.321e-05
767.000,2.318e-05
767.500,2.321e-05
768.000,2.319e-05
768.500,2.322e-05
769.000,2.324e-05
769.500,2.321e-05
770.000,2.323e-05
770.500,2.327e-05
771.000,2.336e-05
771.500,2.332e-05
772.000,2.329e-05
772.500,2.330e-05
773.000,2.333e-05
773.500,2.333e-05
774.000,2.330e-05
774.500,2.330e-05
775.000,2.335e-05
775.500,2.335e-05
776.000,2.336e-05
776.500,2.334e-05
777.000,2.335e-05
777.500,2.334e-05
778.000,2.340e-05
778.500,2.334e-05
779.000,2.335e-05
779.500,2.334e-05
780.000,2.331e-05
780.500,2.331e-05
781.000,2.331e-05
781.500,2.332e-05
782.000,2.333e-05
782.500,2.334e-05
783.000,2.332e-05
783.500,2.331e-05
784.000,2.332e-05
784.500,2.329e-05
785.000,2.334e-05
785.500,2.337e-05
786.000,2.337e-05
786.500,2.337e-05
787.000,2.337e-05
787.500,2.338e-05
788.000,2.337e-05
788.500,2.337e-05
789.000,2.337e-05
789.500,2.338e-05
790.000,2.340e-05
790.500,2.349e-05
791.000,2.351e-05
791.500,2.357e-05
792.000,2.362e-05
792.500,2.364e-05
793.000,2.368e-05
793.500,2.367e-05
794.000,2.374e-05
794.500,2.380e-05
795.000,2.377e-05
795.500,2.382e-05
796.000,2.392e-05
796.500,2.396e-05
797.000,2.401e-05
797.500,2.406e-05
798.000,2.409e-05
798.500,2.413e-05
799.000,2.420e-05
799.500,2.418e-05
800.000,2.424e-05
800.500,2.424e-05
801.000,2.420e-05
801.500,2.425e-05
802.000,2.424e-05
802.500,2.423e-05
803.000,2.415e-05
803.500,2.409e-05
804.000,2.403e-05
804.500,2.405e-05
805.000,2.403e-05
805.500,2.409e-05
806.000,2.404e-05
806.500,2.406e-05
807.000,2.404e-05
807.500,2.401e-05
808.000,2.384e-05
808.500,2.380e-05
809.000,2.390e-05
809.500,2.388e-05
810.000,2.389e-05
810.500,2.394e-05
811.000,2.399e-05
811.500,2.394e-05
812.000,2.392e-05
812.500,2.391e-05
813.000,2.387e-05
813.500,2.383e-05
814.000,2.380e-05
814.500,2.381e-05
815.000,2.410e-05
815.500,2.388e-05
816.000,2.391e-05
816.500,2.393e-05
817.000,2.389e-05
817.500,2.393e-05
818.000,2.395e-05
818.500,2.389e-05
819.000,2.395e-05
819.500,2.402e-05
820.000,2.400e-05
820.500,2.398e-05
821.000,2.395e-05
821.500,2.393e-05
822.000,2.397e-05
822.500,2.396e-05
823.000,2.397e-05
823.500,2.394e-05
824.000,2.396e-05
824.500,2.395e-05
825.000,2.396e-05
825.500,2.398e-05
826.000,2.401e-05
826.500,2.396e-05
827.000,2.393e-05
827.500,2.392e-05
828.000,2.398e-05
828.500,2.403e-05
829.000,2.400e-05
829.500,2.401e-05
830.000,2.397e-05
830.500,2.395e-05
831.000,2.393e-05
831.500,2.396e-05
832.000,2.397e-05
832.500,2.394e-05
833.000,2.394e-05
833.500,2.395e-05
834.000,2.400e-05
834.500,2.402e-05
835.000,2.412e-05
835.500,2.423e-05
836.000,2.443e-05
836.500,2.484e-05
837.000,2.477e-05
837.500,2.464e-05
838.000,2.442e-05
838.500,2.454e-05
839.000,2.453e-05
839.500,2.403e-05
840.000,2.393e-05
840.500,2.392e-05
841.000,2.390e-05
841.500,2.399e-05
842.000,2.391e-05
842.500,2.391e-05
843.000,2.391e-05
843.500,2.391e-05
844.000,2.400e-05
844.500,2.401e-05
845.000,2.417e-05
845.500,2.436e-05
846.000,2.434e-05
846.500,2.447e-05
847.000,2.449e-05
847.500,2.446e-05
848.000,2.446e-05
848.500,2.448e-05
849.000,2.444e-05
849.500,2.447e-05
850.000,2.447e-05
850.500,2.453e-05
851.000,2.458e-05
851.500,2.460e-05
852.000,2.458e-05
852.500,2.458e-05
853.000,2.463e-05
853.500,2.468e-05
854.000,2.473e-05
854.500,2.479e-05
855.000,2.486e-05
855.500,2.482e-05
856.000,2.483e-05
856.500,2.489e-05
857.000,2.495e-05
857.500,2.496e-05
858.000,2.499e-05
858.500,2.500e-05
859.000,2.500e-05
859.500,2.499e-05
860.000,2.504e-05
860.500,2.504e-05
861.000,2.511e-05
861.500,2.514e-05
862.000,2.518e-05
862.500,2.523e-05
863.000,2.523e-05
863.500,2.524e-05
864.000,2.528e-05
864.500,2.531e-05
865.000,2.533e-05
865.500,2.531e-05
866.000,2.534e-05
866.500,2.533e-05
867.000,2.534e-05
867.500,2.539e-05
868.000,2.539e-05
868.500,2.541e-05
869.000,2.539e-05
869.500,2.541e-05
870.000,2.538e-05
870.500,2.543e-05
871.000,2.541e-05
871.500,2.551e-05
872.000,2.553e-05
872.500,2.558e-05
873.000,2.558e-05
873.500,2.562e-05
874.000,2.561e-05
874.500,2.570e-05
875.000,2.567e-05
875.500,2.573e-05
876.000,2.574e-05
876.500,2.581e-05
877.000,2.573e-05
877.500,2.581e-05
878.000,2.591e-05
878.500,2.598e-05
879.000,2.596e-05
879.500,2.607e-05
880.000,2.609e-05
880.500,2.609e-05
881.000,2.599e-05
881.500,2.599e-05
882.000,2.601e-05
882.500,2.595e-05
883.000,2.594e-05
883.500,2.596e-05
884.000,2.595e-05
884.500,2.598e-05
885.000,2.600e-05
885.500,2.598e-05
886.000,2.596e-05
886.500,2.595e-05
887.000,2.596e-05
887.500,2.598e-05
888.000,2.597e-05
888.500,2.598e-05
889.000,2.598e-05
889.500,2.597e-05
890.000,2.598e-05
890.500,2.592e-05
891.000,2.589e-05
891.500,2.587e-05
892.000,2.579e-05
892.500,2.575e-05
893.000,2.569e-05
893.500,2.566e-05
894.000,2.565e-05
894.500,2.563e-05
895.000,2.551e-05
895.500,2.553e-05
896.000,2.550e-05
896.500,2.548e-05
897.000,2.548e-05
897.500,2.549e-05
898.000,2.551e-05
898.500,2.553e-05
899.000,2.552e-05
899.500,2.551e-05
900.000,2.546e-05
900.500,2.539e-05
901.000,2.531e-05
901.500,2.527e-05
902.000,2.517e-05
902.500,2.511e-05
903.000,2.509e-05
903.500,2.501e-05
904.000,2.496e-05
904.500,2.494e-05
905.000,2.490e-05
905.500,2.488e-05
906.000,2.491e-05
906.500,2.486e-05
907.000,2.483e-05
907.500,2.487e-05
908.000,2.489e-05
908.500,2.482e-05
909.000,2.488e-05
909.500,2.488e-05
910.000,2.486e-05
910.500,2.479e-05
911.000,2.473e-05
911.500,2.474e-05
912.000,2.466e-05
912.500,2.461e-05
913.000,2.463e-05
913.500,2.455e-05
914.000,2.453e-05
914.500,2.456e-05
915.000,2.460e-05
915.500,2.452e-05
916.000,2.445e-05
916.500,2.445e-05
917.000,2.440e-05
917.500,2.434e-05
918.000,2.437e-05
918.500,2.433e-05
919.000,2.429e-05
919.500,2.428e-05
920.000,2.430e-05
920.500,2.434e-05
921.000,2.434e-05
921.500,2.437e-05
922.000,2.436e-05
922.500,2.437e-05
923.000,2.444e-05
923.500,2.447e-05
924.000,2.443e-05
924.500,2.445e-05
925.000,2.448e-05
925.500,2.446e-05
926.000,2.453e-05
926.500,2.449e-05
927.000,2.451e-05
927.500,2.454e-05
928.000,2.451e-05
928.500,2.454e-05
929.000,2.454e-05
929.500,2.449e-05
930.000,2.453e-05
930.500,2.457e-05
931.000,2.454e-05
931.500,2.456e-05
932.000,2.457e-05
932.500,2.457e-05
933.000,2.457e-05
933.500,2.456e-05
934.000,2.449e-05
934.500,2.440e-05
935.000,2.446e-05
935.500,2.445e-05
936.000,2.442e-05
936.500,2.448e-05
937.000,2.446e-05
937.500,2.446e-05
938.000,2.446e-05
938.500,2.446e-05
939.000,2.455e-05
939.500,2.452e-05
940.000,2.451e-05
940.500,2.451e-05
941.000,2.451e-05
941.500,2.451e-05
942.000,2.452e-05
942.500,2.452e-05
943.000,2.437e-05
943.500,2.439e-05
944.000,2.438e-05
944.500,2.428e-05
945.000,2.448e-05
945.500,2.449e-05
946.000,2.441e-05
946.500,2.440e-05
947.000,2.445e-05
947.500,2.442e-05
948.000,2.443e-05
948.500,2.430e-05
949.000,2.436e-05
949.500,2.431e-05
950.000,2.431e-05
950.500,2.432e-05
951.000,2.438e-05
951.500,2.444e-05
952.000,2.446e-05
952.500,2.446e-05
953.000,2.451e-05
953.500,2.458e-05
954.000,2.459e-05
954.500,2.455e-05
955.000,2.454e-05
955.500,2.458e-05
956.000,2.459e-05
956.500,2.463e-05
957.000,2.462e-05
957.500,2.468e-05
958.000,2.467e-05
958.500,2.468e-05
959.000,2.468e-05
959.500,2.471e-05
960.000,2.476e-05
960.500,2.472e-05
961.000,2.475e-05
961.500,2.476e-05
962.000,2.472e-05
962.500,2.471e-05
963.000,2.473e-05
963.500,2.465e-05
964.000,2.462e-05
964.500,2.461e-05
965.000,2.463e-05
965.500,2.467e-05
966.000,2.464e-05
966.500,2.464e-05
967.000,2.465e-05
967.500,2.463e-05
968.000,2.462e-05
968.500,2.460e-05
969.000,2.450e-05
969.500,2.449e-05
970.000,2.448e-05
970.500,2.447e-05
971.000,2.447e-05
971.500,2.445e-05
972.000,2.451e-05
972.500,2.452e-05
973.000,2.452e-05
973.500,2.450e-05
974.000,2.445e-05
974.500,2.446e-05
975.000,2.444e-05
975.500,2.445e-05
976.000,2.450e-05
976.500,2.450e-05
977.000,2.446e-05
977.500,2.445e-05
978.000,2.444e-05
978.500,2.446e-05
979.000,2.446e-05
979.500,2.439e-05
980.000,2.433e-05
980.500,2.436e-05
981.000,2.434e-05
981.500,2.437e-05
982.000,2.434e-05
982.500,2.438e-05
983.000,2.442e-05
983.500,2.441e-05
984.000,2.444e-05
984.500,2.437e-05
985.000,2.435e-05
985.500,2.434e-05
986.000,2.438e-05
986.500,2.435e-05
987.000,2.433e-05
987.500,2.433e-05
988.000,2.433e-05
988.500,2.431e-05
989.000,2.429e-05
989.500,2.431e-05
990.000,2.428e-05
990.500,2.429e-05
991.000,2.427e-05
991.500,2.425e-05
992.000,2.428e-05
992.500,2.428e-05
993.000,2.423e-05
993.500,2.419e-05
994.000,2.421e-05
994.500,2.421e-05
995.000,2.420e-05
995.500,2.420e-05
996.000,2.418e-05
996.500,2.411e-05
997.000,2.407e-05
997.500,2.407e-05
998.000,2.405e-05
998.500,2.404e-05
999.000,2.404e-05
999.500,2.404e-05
1000.000,2.398e-05
1000.500,2.390e-05
1001.000,2.395e-05
1001.500,2.393e-05
1002.000,2.399e-05
1002.500,2.392e-05
1003.000,2.392e-05
1003.500,2.388e-05
1004.000,2.389e-05
1004.500,2.393e-05
1005.000,2.393e-05
1005.500,2.387e-05
1006.000,2.385e-05
1006.500,2.387e-05
1007.000,2.388e-05
1007.500,2.385e-05
1008.000,2.389e-05
1008.500,2.387e-05
1009.000,2.394e-05
1009.500,2.389e-05
1010.000,2.394e-05
1010.500,2.391e-05
1011.000,2.389e-05
1011.500,2.384e-05
1012.000,2.382e-05
1012.500,2.384e-05
1013.000,2.386e-05
1013.500,2.384e-05
1014.000,2.386e-05
1014.500,2.386e-05
1015.000,2.380e-05
1015.500,2.388e-05
1016.000,2.386e-05
1016.500,2.390e-05
1017.000,2.384e-05
1017.500,2.381e-05
1018.000,2.382e-05
1018.500,2.380e-05
1019.000,2.384e-05
1019.500,2.377e-05
1020.000,2.383e-05
1020.500,2.382e-05
1021.000,2.376e-05
1021.500,2.371e-05
1022.000,2.377e-05
1022.500,2.378e-05
1023.000,2.374e-05
1023.500,2.374e-05
1024.000,2.376e-05
1024.500,2.369e-05
1025.000,2.372e-05
1025.500,2.376e-05
1026.000,2.368e-05
1026.500,2.372e-05
1027.000,2.369e-05
1027.500,2.365e-05
1028.000,2.361e-05
1028.500,2.361e-05
1029.000,2.355e-05
1029.500,2.348e-05
1030.000,2.350e-05
1030.500,2.358e-05
1031.000,2.356e-05
1031.500,2.353e-05
1032.000,2.357e-05
1032.500,2.359e-05
1033.000,2.360e-05
1033.500,2.352e-05
1034.000,2.355e-05
1034.500,2.353e-05
1035.000,2.350e-05
1035.500,2.351e-05
1036.000,2.353e-05
1036.500,2.349e-05
1037.000,2.349e-05
1037.500,2.350e-05
1038.000,2.354e-05
1038.500,2.351e-05
1039.000,2.346e-05
1039.500,2.342e-05
1040.000,2.343e-05
1040.500,2.342e-05
1041.000,2.345e-05
1041.500,2.335e-05
1042.000,2.337e-05
1042.500,2.338e-05
1043.000,2.342e-05
1043.500,2.338e-05
1044.000,2.338e-05
1044.500,2.337e-05
1045.000,2.335e-05
1045.500,2.333e-05
1046.000,2.334e-05
1046.500,2.331e-05
1047.000,2.326e-05
1047.500,2.324e-05
1048.000,2.322e-05
1048.500,2.320e-05
1049.000,2.321e-05
1049.500,2.321e-05
1050.000,2.317e-05
1050.500,2.317e-05
1051.000,2.317e-05
1051.500,2.318e-05
1052.000,2.313e-05
1052.500,2.316e-05
1053.000,2.319e-05
1053.500,2.321e-05
1054.000,2.316e-05
1054.500,2.317e-05
1055.000,2.317e-05
1055.500,2.319e-05
1056.000,2.319e-05
1056.500,2.326e-05
1057.000,2.323e-05
1057.500,2.319e-05
1058.000,2.314e-05
1058.500,2.316e-05
1059.000,2.317e-05
1059.500,2.315e-05
1060.000,2.314e-05
1060.500,2.314e-05
1061.000,2.311e-05
1061.500,2.308e-05
1062.000,2.307e-05
1062.500,2.308e-05
1063.000,2.311e-05
1063.500,2.310e-05
1064.000,2.308e-05
1064.500,2.309e-05
1065.000,2.306e-05
1065.500,2.304e-05
1066.000,2.301e-05
1066.500,2.305e-05
1067.000,2.301e-05
1067.500,2.296e-05
1068.000,2.292e-05
1068.500,2.292e-05
1069.000,2.294e-05
1069.500,2.296e-05
1070.000,2.296e-05
1070.500,2.295e-05
1071.000,2.289e-05
1071.500,2.288e-05
1072.000,2.285e-05
1072.500,2.287e-05
1073.000,2.281e-05
1073.500,2.278e-05
1074.000,2.279e-05
1074.500,2.278e-05
1075.000,2.275e-05
1075.500,2.273e-05
1076.000,2.267e-05
1076.500,2.267e-05
1077.000,2.265e-05
1077.500,2.261e-05
1078.000,2.259e-05
1078.500,2.259e-05
1079.000,2.258e-05
1079.500,2.255e-05
1080.000,2.252e-05
1080.500,2.253e-05
1081.000,2.252e-05
1081.500,2.255e-05
1082.000,2.258e-05
1082.500,2.256e-05
1083.000,2.257e-05
1083.500,2.255e-05
1084.000,2.253e-05
1084.500,2.253e-05
1085.000,2.258e-05
1085.500,2.257e-05
1086.000,2.258e-05
1086.500,2.258e-05
1087.000,2.261e-05
1087.500,2.260e-05
1088.000,2.262e-05
1088.500,2.252e-05
1089.000,2.258e-05
1089.500,2.253e-05
1090.000,2.261e-05
1090.500,2.267e-05
1091.000,2.266e-05
1091.500,2.265e-05
1092.000,2.259e-05
1092.500,2.256e-05
1093.000,2.258e-05
1093.500,2.259e-05
1094.000,2.260e-05
1094.500,2.258e-05
1095.000,2.259e-05
1095.500,2.256e-05
1096.000,2.250e-05
1096.500,2.255e-05
1097.000,2.257e-05
1097.500,2.261e-05
1098.000,2.253e-05
1098.500,2.249e-05
1099.000,2.252e-05
1099.500,2.256e-05
1100.000,2.249e-05
1100.500,2.249e-05
1101.000,2.244e-05
1101.500,2.243e-05
1102.000,2.243e-05
1102.500,2.242e-05
1103.000,2.240e-05
1103.500,2.240e-05
1104.000,2.235e-05
1104.500,2.225e-05
1105.000,2.227e-05
1105.500,2.227e-05
1106.000,2.226e-05
1106.500,2.220e-05
1107.000,2.219e-05
1107.500,2.219e-05
1108.000,2.209e-05
1108.500,2.207e-05
1109.000,2.205e-05
1109.500,2.205e-05
1110.000,2.206e-05
1110.500,2.201e-05
1111.000,2.191e-05
1111.500,2.194e-05
1112.000,2.194e-05
1112.500,2.200e-05
1113.000,2.196e-05
1113.500,2.197e-05
1114.000,2.195e-05
1114.500,2.196e-05
1115.000,2.196e-05
1115.500,2.196e-05
1116.000,2.190e-05
1116.500,2.174e-05
1117.000,2.189e-05
1117.500,2.186e-05
1118.000,2.189e-05
1118.500,2.176e-05
1119.000,2.174e-05
1119.500,2.175e-05
1120.000,2.186e-05
1120.500,2.182e-05
1121.000,2.199e-05
1121.500,2.191e-05
1122.000,2.186e-05
1122.500,2.193e-05
1123.000,2.210e-05
1123.500,2.211e-05
1124.000,2.214e-05
1124.500,2.229e-05
1125.000,2.227e-05
1125.500,2.189e-05
1126.000,2.212e-05
1126.500,2.224e-05
1127.000,2.225e-05
1127.500,2.214e-05
1128.000,2.209e-05
1128.500,2.213e-05
1129.000,2.209e-05
1129.500,2.209e-05
1130.000,2.204e-05
1130.500,2.214e-05
1131.000,2.218e-05
1131.500,2.216e-05
1132.000,2.212e-05
1132.500,2.209e-05
1133.000,2.204e-05
1133.500,2.200e-05
1134.000,2.195e-05
1134.500,2.165e-05
1135.000,2.160e-05
1135.500,2.199e-05
1136.000,2.177e-05
1136.500,2.201e-05
1137.000,2.198e-05
1137.500,2.185e-05
1138.000,2.188e-05
1138.500,2.181e-05
1139.000,2.190e-05
1139.500,2.191e-05
1140.000,2.179e-05
1140.500,2.184e-05
1141.000,2.176e-05
1141.500,2.184e-05
1142.000,2.191e-05
1142.500,2.197e-05
1143.000,2.200e-05
1143.500,2.195e-05
1144.000,2.187e-05
1144.500,2.178e-05
1145.000,2.197e-05
1145.500,2.200e-05
1146.000,2.202e-05
1146.500,2.192e-05
1147.000,2.196e-05
1147.500,2.195e-05
1148.000,2.208e-05
1148.500,2.209e-05
1149.000,2.205e-05
1149.500,2.197e-05
1150.000,2.205e-05
1150.500,2.207e-05
1151.000,2.201e-05
1151.500,2.201e-05
1152.000,2.190e-05
1152.500,2.176e-05
1153.000,2.185e-05
1153.500,2.185e-05
1154.000,2.174e-05
1154.500,2.177e-05
1155.000,2.176e-05
1155.500,2.170e-05
1156.000,2.166e-05
1156.500,2.163e-05
1157.000,2.159e-05
1157.500,2.151e-05
1158.000,2.151e-05
1158.500,2.151e-05
1159.000,2.144e-05
1159.500,2.143e-05
1160.000,2.136e-05
1160.500,2.133e-05
1161.000,2.132e-05
1161.500,2.133e-05
1162.000,2.133e-05
1162.500,2.122e-05
1163.000,2.126e-05
1163.500,2.118e-05
1164.000,2.126e-05
1164.500,2.133e-05
1165.000,2.120e-05
1165.500,2.118e-05
1166.000,2.114e-05
1166.500,2.115e-05
1167.000,2.117e-05
1167.500,2.109e-05
1168.000,2.114e-05
1168.500,2.108e-05
1169.000,2.112e-05
1169.500,2.105e-05
1170.000,2.103e-05
1170.500,2.098e-05
1171.000,2.095e-05
1171.500,2.094e-05
1172.000,2.090e-05
1172.500,2.089e-05
1173.000,2.087e-05
1173.500,2.091e-05
1174.000,2.087e-05
1174.500,2.089e-05
1175.000,2.077e-05
1175.500,2.082e-05
1176.000,2.075e-05
1176.500,2.077e-05
1177.000,2.082e-05
1177.500,2.075e-05
1178.000,2.064e-05
1178.500,2.055e-05
1179.000,2.057e-05
1179.500,2.056e-05
1180.000,2.050e-05
1180.500,2.051e-05
1181.000,2.044e-05
1181.500,2.050e-05
1182.000,2.059e-05
1182.500,2.064e-05
1183.000,2.062e-05
1183.500,2.054e-05
1184.000,2.047e-05
1184.500,2.033e-05
1185.000,2.035e-05
1185.500,2.033e-05
1186.000,2.032e-05
1186.500,2.027e-05
1187.000,2.030e-05
1187.500,2.021e-05
1188.000,2.018e-05
1188.500,2.016e-05
1189.000,2.011e-05
1189.500,2.015e-05
1190.000,2.038e-05
1190.500,2.036e-05
1191.000,2.027e-05
1191.500,2.017e-05
1192.000,2.011e-05
1192.500,2.012e-05
1193.000,2.005e-05
1193.500,1.993e-05
1194.000,1.993e-05
1194.500,1.989e-05
1195.000,1.997e-05
1195.500,1.994e-05
1196.000,1.995e-05
1196.500,1.984e-05
1197.000,1.986e-05
1197.500,1.979e-05
1198.000,1.983e-05
1198.500,1.978e-05
1199.000,1.970e-05
1199.500,1.973e-05
1200.000,1.971e-05
