IstTemp[K]=293.00

 800.000,1.767E-05
 800.350,1.767E-05
 800.700,1.777E-05
 801.050,1.775E-05
 801.400,1.762E-05
 801.750,1.764E-05
 802.100,1.765E-05
 802.450,1.772E-05
 802.800,1.768E-05
 803.150,1.770E-05
 803.500,1.766E-05
 803.850,1.763E-05
 804.200,1.763E-05
 804.550,1.765E-05
 804.900,1.764E-05
 805.250,1.761E-05
 805.600,1.761E-05
 805.950,1.759E-05
 806.300,1.763E-05
 806.650,1.775E-05
 807.000,1.765E-05
 807.350,1.762E-05
 807.700,1.765E-05
 808.050,1.768E-05
 808.400,1.770E-05
 808.750,1.769E-05
 809.100,1.771E-05
 809.450,1.771E-05
 809.800,1.768E-05
 810.150,1.772E-05
 810.500,1.770E-05
 810.850,1.771E-05
 811.200,1.776E-05
 811.550,1.773E-05
 811.900,1.774E-05
 812.250,1.775E-05
 812.600,1.766E-05
 812.950,1.766E-05
 813.300,1.790E-05
 813.650,1.794E-05
 814.000,1.788E-05
 814.350,1.779E-05
 814.700,1.772E-05
 815.050,1.774E-05
 815.400,1.774E-05
 815.750,1.779E-05
 816.100,1.772E-05
 816.450,1.768E-05
 816.800,1.771E-05
 817.150,1.766E-05
 817.500,1.772E-05
 817.850,1.767E-05
 818.200,1.770E-05
 818.550,1.768E-05
 818.900,1.772E-05
 819.250,1.769E-05
 819.600,1.766E-05
 819.950,1.763E-05
 820.300,1.762E-05
 820.650,1.762E-05
 821.000,1.761E-05
 821.350,1.767E-05
 821.700,1.760E-05
 822.050,1.755E-05
 822.400,1.764E-05
 822.750,1.762E-05
 823.100,1.760E-05
 823.450,1.760E-05
 823.800,1.768E-05
 824.150,1.761E-05
 824.500,1.758E-05
 824.850,1.760E-05
 825.200,1.765E-05
 825.550,1.765E-05
 825.900,1.758E-05
 826.250,1.756E-05
 826.600,1.755E-05
 826.950,1.753E-05
 827.300,1.753E-05
 827.650,1.754E-05
 828.000,1.754E-05
 828.350,1.754E-05
 828.700,1.753E-05
 829.050,1.758E-05
 829.400,1.758E-05
 829.750,1.759E-05
 830.100,1.753E-05
 830.450,1.754E-05
 830.800,1.750E-05
 831.150,1.750E-05
 831.500,1.745E-05
 831.850,1.744E-05
 832.200,1.752E-05
 832.550,1.749E-05
 832.900,1.744E-05
 833.250,1.747E-05
 833.600,1.751E-05
 833.950,1.749E-05
 834.300,1.751E-05
 834.650,1.758E-05
 835.000,1.759E-05
 835.350,1.760E-05
 835.700,1.770E-05
 836.050,1.780E-05
 836.400,1.795E-05
 836.750,1.807E-05
 837.100,1.800E-05
 837.450,1.798E-05
 837.800,1.797E-05
 838.150,1.787E-05
 838.500,1.783E-05
 838.850,1.774E-05
 839.200,1.766E-05
 839.550,1.763E-05
 839.900,1.759E-05
 840.250,1.756E-05
 840.600,1.751E-05
 840.950,1.754E-05
 841.300,1.761E-05
 841.650,1.778E-05
 842.000,1.768E-05
 842.350,1.754E-05
 842.700,1.762E-05
 843.050,1.774E-05
 843.400,1.781E-05
 843.750,1.789E-05
 844.100,1.786E-05
 844.450,1.783E-05
 844.800,1.780E-05
 845.150,1.776E-05
 845.500,1.776E-05
 845.850,1.776E-05
 846.200,1.778E-05
 846.550,1.784E-05
 846.900,1.787E-05
 847.250,1.785E-05
 847.600,1.783E-05
 847.950,1.786E-05
 848.300,1.792E-05
 848.650,1.787E-05
 849.000,1.779E-05
 849.350,1.775E-05
 849.700,1.786E-05
 850.050,1.793E-05
 850.400,1.805E-05
 850.750,1.798E-05
 851.100,1.806E-05
 851.450,1.812E-05
 851.800,1.809E-05
 852.150,1.811E-05
 852.500,1.807E-05
 852.850,1.808E-05
 853.200,1.811E-05
 853.550,1.816E-05
 853.900,1.820E-05
 854.250,1.817E-05
 854.600,1.814E-05
 854.950,1.821E-05
 855.300,1.823E-05
 855.650,1.823E-05
 856.000,1.823E-05
 856.350,1.818E-05
 856.700,1.820E-05
 857.050,1.828E-05
 857.400,1.834E-05
 857.750,1.827E-05
 858.100,1.825E-05
 858.450,1.830E-05
 858.800,1.834E-05
 859.150,1.833E-05
 859.500,1.822E-05
 859.850,1.817E-05
 860.200,1.822E-05
 860.550,1.819E-05
 860.900,1.818E-05
 861.250,1.818E-05
 861.600,1.825E-05
 861.950,1.827E-05
 862.300,1.840E-05
 862.650,1.832E-05
 863.000,1.834E-05
 863.350,1.831E-05
 863.700,1.831E-05
 864.050,1.836E-05
 864.400,1.841E-05
 864.750,1.835E-05
 865.100,1.843E-05
 865.450,1.839E-05
 865.800,1.840E-05
 866.150,1.840E-05
 866.500,1.838E-05
 866.850,1.840E-05
 867.200,1.841E-05
 867.550,1.835E-05
 867.900,1.838E-05
 868.250,1.842E-05
 868.600,1.848E-05
 868.950,1.843E-05
 869.300,1.837E-05
 869.650,1.831E-05
 870.000,1.836E-05
 870.350,1.840E-05
 870.700,1.849E-05
 871.050,1.846E-05
 871.400,1.854E-05
 871.750,1.868E-05
 872.100,1.866E-05
 872.450,1.874E-05
 872.800,1.873E-05
 873.150,1.876E-05
 873.500,1.879E-05
 873.850,1.879E-05
 874.200,1.880E-05
 874.550,1.873E-05
 874.900,1.852E-05
 875.250,1.859E-05
 875.600,1.859E-05
 875.950,1.865E-05
 876.300,1.865E-05
 876.650,1.861E-05
 877.000,1.864E-05
 877.350,1.860E-05
 877.700,1.860E-05
 878.050,1.865E-05
 878.400,1.863E-05
 878.750,1.862E-05
 879.100,1.863E-05
 879.450,1.860E-05
 879.800,1.867E-05
 880.150,1.862E-05
 880.500,1.856E-05
 880.850,1.858E-05
 881.200,1.851E-05
 881.550,1.850E-05
 881.900,1.847E-05
 882.250,1.850E-05
 882.600,1.853E-05
 882.950,1.850E-05
 883.300,1.843E-05
 883.650,1.843E-05
 884.000,1.845E-05
 884.350,1.844E-05
 884.700,1.842E-05
 885.050,1.837E-05
 885.400,1.836E-05
 885.750,1.831E-05
 886.100,1.826E-05
 886.450,1.830E-05
 886.800,1.831E-05
 887.150,1.823E-05
 887.500,1.819E-05
 887.850,1.815E-05
 888.200,1.810E-05
 888.550,1.811E-05
 888.900,1.812E-05
 889.250,1.813E-05
 889.600,1.808E-05
 889.950,1.805E-05
 890.300,1.800E-05
 890.650,1.793E-05
 891.000,1.787E-05
 891.350,1.775E-05
 891.700,1.767E-05
 892.050,1.764E-05
 892.400,1.763E-05
 892.750,1.759E-05
 893.100,1.753E-05
 893.450,1.746E-05
 893.800,1.739E-05
 894.150,1.735E-05
 894.500,1.724E-05
 894.850,1.713E-05
 895.200,1.707E-05
 895.550,1.701E-05
 895.900,1.691E-05
 896.250,1.682E-05
 896.600,1.677E-05
 896.950,1.669E-05
 897.300,1.656E-05
 897.650,1.647E-05
 898.000,1.642E-05
 898.350,1.638E-05
 898.700,1.625E-05
 899.050,1.606E-05
 899.400,1.595E-05
 899.750,1.587E-05
 900.100,1.577E-05
 900.450,1.565E-05
 900.800,1.548E-05
 901.150,1.537E-05
 901.500,1.525E-05
 901.850,1.507E-05
 902.200,1.488E-05
 902.550,1.474E-05
 902.900,1.458E-05
 903.250,1.445E-05
 903.600,1.427E-05
 903.950,1.407E-05
 904.300,1.389E-05
 904.650,1.376E-05
 905.000,1.369E-05
 905.350,1.337E-05
 905.700,1.322E-05
 906.050,1.302E-05
 906.400,1.280E-05
 906.750,1.259E-05
 907.100,1.240E-05
 907.450,1.218E-05
 907.800,1.203E-05
 908.150,1.175E-05
 908.500,1.150E-05
 908.850,1.127E-05
 909.200,1.106E-05
 909.550,1.077E-05
 909.900,1.051E-05
 910.250,1.022E-05
 910.600,9.973E-06
 910.950,9.720E-06
 911.300,9.425E-06
 911.650,9.140E-06
 912.000,8.849E-06
 912.350,8.605E-06
 912.700,8.311E-06
 913.050,8.001E-06
 913.400,7.728E-06
 913.750,7.528E-06
 914.100,7.308E-06
 914.450,7.077E-06
 914.800,6.863E-06
 915.150,6.677E-06
 915.500,6.517E-06
 915.850,6.359E-06
 916.200,6.202E-06
 916.550,6.055E-06
 916.900,5.949E-06
 917.250,5.840E-06
 917.600,5.772E-06
 917.950,5.701E-06
 918.300,5.554E-06
 918.650,5.479E-06
 919.000,5.396E-06
 919.350,5.328E-06
 919.700,5.232E-06
 920.050,5.152E-06
 920.400,5.021E-06
 920.750,4.883E-06
 921.100,4.778E-06
 921.450,4.643E-06
 921.800,4.522E-06
 922.150,4.360E-06
 922.500,4.188E-06
 922.850,4.046E-06
 923.200,3.891E-06
 923.550,3.733E-06
 923.900,3.570E-06
 924.250,3.405E-06
 924.600,3.231E-06
 924.950,3.078E-06
 925.300,2.925E-06
 925.650,2.775E-06
 926.000,2.655E-06
 926.350,2.505E-06
 926.700,2.380E-06
 927.050,2.269E-06
 927.400,2.173E-06
 927.750,2.071E-06
 928.100,1.972E-06
 928.450,1.900E-06
 928.800,1.829E-06
 929.150,1.771E-06
 929.500,1.714E-06
 929.850,1.671E-06
 930.200,1.646E-06
 930.550,1.618E-06
 930.900,1.609E-06
 931.250,1.597E-06
 931.600,1.610E-06
 931.950,1.610E-06
 932.300,1.635E-06
 932.650,1.671E-06
 933.000,1.708E-06
 933.350,1.759E-06
 933.700,1.807E-06
 934.050,1.855E-06
 934.400,1.910E-06
 934.750,1.975E-06
 935.100,2.052E-06
 935.450,2.113E-06
 935.800,2.169E-06
 936.150,2.238E-06
 936.500,2.298E-06
 936.850,2.360E-06
 937.200,2.401E-06
 937.550,2.452E-06
 937.900,2.480E-06
 938.250,2.517E-06
 938.600,2.551E-06
 938.950,2.579E-06
 939.300,2.594E-06
 939.650,2.597E-06
 940.000,2.596E-06
 940.350,2.597E-06
 940.700,2.581E-06
 941.050,2.578E-06
 941.400,2.557E-06
 941.750,2.532E-06
 942.100,2.482E-06
 942.450,2.451E-06
 942.800,2.407E-06
 943.150,2.368E-06
 943.500,2.321E-06
 943.850,2.277E-06
 944.200,2.225E-06
 944.550,2.174E-06
 944.900,2.131E-06
 945.250,2.087E-06
 945.600,2.032E-06
 945.950,1.981E-06
 946.300,1.919E-06
 946.650,1.865E-06
 947.000,1.808E-06
 947.350,1.759E-06
 947.700,1.713E-06
 948.050,1.652E-06
 948.400,1.603E-06
 948.750,1.568E-06
 949.100,1.515E-06
 949.450,1.464E-06
 949.800,1.420E-06
 950.150,1.377E-06
 950.500,1.361E-06
 950.850,1.320E-06
 951.200,1.295E-06
 951.550,1.265E-06
 951.900,1.242E-06
 952.250,1.227E-06
 952.600,1.203E-06
 952.950,1.178E-06
 953.300,1.164E-06
 953.650,1.148E-06
 954.000,1.136E-06
 954.350,1.120E-06
 954.700,1.107E-06
 955.050,1.107E-06
 955.400,1.099E-06
 955.750,1.097E-06
 956.100,1.094E-06
 956.450,1.086E-06
 956.800,1.086E-06
 957.150,1.066E-06
 957.500,1.080E-06
 957.850,1.083E-06
 958.200,1.078E-06
 958.550,1.076E-06
 958.900,1.075E-06
 959.250,1.069E-06
 959.600,1.077E-06
 959.950,1.081E-06
 960.300,1.074E-06
 960.650,1.075E-06
 961.000,1.071E-06
 961.350,1.081E-06
 961.700,1.078E-06
 962.050,1.077E-06
 962.400,1.080E-06
 962.750,1.081E-06
 963.100,1.074E-06
 963.450,1.071E-06
 963.800,1.073E-06
 964.150,1.075E-06
 964.500,1.076E-06
 964.850,1.074E-06
 965.200,1.065E-06
 965.550,1.060E-06
 965.900,1.061E-06
 966.250,1.049E-06
 966.600,1.032E-06
 966.950,1.012E-06
 967.300,9.888E-07
 967.650,9.725E-07
 968.000,9.431E-07
 968.350,9.008E-07
 968.700,8.661E-07
 969.050,8.180E-07
 969.400,7.632E-07
 969.750,7.159E-07
 970.100,6.504E-07
 970.450,5.912E-07
 970.800,5.079E-07
 971.150,4.297E-07
 971.500,3.443E-07
 971.850,2.732E-07
 972.200,2.060E-07
 972.550,1.420E-07
 972.900,9.546E-08
 973.250,7.344E-08
 973.600,6.147E-08
 973.950,4.923E-08
 974.300,5.152E-08
 974.650,4.944E-08
 975.000,4.330E-08
 975.350,4.851E-08
 975.700,4.727E-08
 976.050,4.662E-08
 976.400,5.007E-08
 976.750,4.753E-08
 977.100,5.141E-08
 977.450,6.114E-08
 977.800,7.162E-08
 978.150,9.817E-08
 978.500,1.382E-07
 978.850,2.017E-07
 979.200,2.771E-07
 979.550,3.859E-07
 979.900,5.033E-07
 980.250,6.444E-07
 980.600,7.912E-07
 980.950,9.507E-07
 981.300,1.105E-06
 981.650,1.261E-06
 982.000,1.415E-06
 982.350,1.560E-06
 982.700,1.724E-06
 983.050,1.868E-06
 983.400,2.013E-06
 983.750,2.153E-06
 984.100,2.282E-06
 984.450,2.404E-06
 984.800,2.517E-06
 985.150,2.649E-06
 985.500,2.758E-06
 985.850,2.867E-06
 986.200,2.956E-06
 986.550,3.078E-06
 986.900,3.174E-06
 987.250,3.274E-06
 987.600,3.371E-06
 987.950,3.482E-06
 988.300,3.586E-06
 988.650,3.688E-06
 989.000,3.791E-06
 989.350,3.923E-06
 989.700,4.022E-06
 990.050,4.136E-06
 990.400,4.245E-06
 990.750,4.322E-06
 991.100,4.416E-06
 991.450,4.515E-06
 991.800,4.629E-06
 992.150,4.733E-06
 992.500,4.837E-06
 992.850,4.901E-06
 993.200,4.989E-06
 993.550,5.077E-06
 993.900,5.171E-06
 994.250,5.285E-06
 994.600,5.369E-06
 994.950,5.487E-06
 995.300,5.566E-06
 995.650,5.670E-06
 996.000,5.769E-06
 996.350,5.868E-06
 996.700,5.948E-06
 997.050,6.032E-06
 997.400,6.120E-06
 997.750,6.194E-06
 998.100,6.298E-06
 998.450,6.401E-06
 998.800,6.510E-06
 999.150,6.593E-06
 999.500,6.677E-06
 999.850,6.755E-06
1000.200,6.863E-06
1000.550,6.996E-06
1000.900,7.134E-06
1001.250,7.264E-06
1001.600,7.352E-06
1001.950,7.476E-06
1002.300,7.646E-06
1002.650,7.784E-06
1003.000,7.942E-06
1003.350,8.085E-06
1003.700,8.233E-06
1004.050,8.366E-06
1004.400,8.515E-06
1004.750,8.698E-06
1005.100,8.857E-06
1005.450,9.011E-06
1005.800,9.155E-06
1006.150,9.340E-06
1006.500,9.479E-06
1006.850,9.624E-06
1007.200,9.775E-06
1007.550,9.945E-06
1007.900,1.012E-05
1008.250,1.028E-05
1008.600,1.042E-05
1008.950,1.056E-05
1009.300,1.069E-05
1009.650,1.083E-05
1010.000,1.100E-05
1010.350,1.118E-05
1010.700,1.131E-05
1011.050,1.144E-05
1011.400,1.155E-05
1011.750,1.168E-05
1012.100,1.180E-05
1012.450,1.195E-05
1012.800,1.206E-05
1013.150,1.219E-05
1013.500,1.231E-05
1013.850,1.244E-05
1014.200,1.251E-05
1014.550,1.264E-05
1014.900,1.279E-05
1015.250,1.291E-05
1015.600,1.302E-05
1015.950,1.310E-05
1016.300,1.321E-05
1016.650,1.333E-05
1017.000,1.346E-05
1017.350,1.355E-05
1017.700,1.368E-05
1018.050,1.379E-05
1018.400,1.389E-05
1018.750,1.398E-05
1019.100,1.412E-05
1019.450,1.421E-05
1019.800,1.431E-05
1020.150,1.440E-05
1020.500,1.452E-05
1020.850,1.461E-05
1021.200,1.466E-05
1021.550,1.473E-05
1021.900,1.492E-05
1022.250,1.505E-05
1022.600,1.515E-05
1022.950,1.526E-05
1023.300,1.533E-05
1023.650,1.538E-05
1024.000,1.544E-05
1024.350,1.552E-05
1024.700,1.563E-05
1025.050,1.573E-05
1025.400,1.581E-05
1025.750,1.589E-05
1026.100,1.596E-05
1026.450,1.603E-05
1026.800,1.608E-05
1027.150,1.612E-05
1027.500,1.618E-05
1027.850,1.622E-05
1028.200,1.626E-05
1028.550,1.633E-05
1028.900,1.640E-05
1029.250,1.642E-05
1029.600,1.640E-05
1029.950,1.651E-05
1030.300,1.661E-05
1030.650,1.664E-05
1031.000,1.670E-05
1031.350,1.676E-05
1031.700,1.679E-05
1032.050,1.683E-05
1032.400,1.686E-05
1032.750,1.692E-05
1033.100,1.697E-05
1033.450,1.700E-05
1033.800,1.698E-05
1034.150,1.705E-05
1034.500,1.713E-05
1034.850,1.720E-05
1035.200,1.720E-05
1035.550,1.722E-05
1035.900,1.727E-05
1036.250,1.728E-05
1036.600,1.725E-05
1036.950,1.729E-05
1037.300,1.719E-05
1037.650,1.718E-05
1038.000,1.717E-05
1038.350,1.725E-05
1038.700,1.744E-05
1039.050,1.745E-05
1039.400,1.739E-05
1039.750,1.733E-05
1040.100,1.734E-05
1040.450,1.739E-05
1040.800,1.741E-05
1041.150,1.749E-05
1041.500,1.756E-05
1041.850,1.759E-05
1042.200,1.761E-05
1042.550,1.765E-05
1042.900,1.775E-05
1043.250,1.777E-05
1043.600,1.780E-05
1043.950,1.779E-05
1044.300,1.778E-05
1044.650,1.783E-05
1045.000,1.783E-05
1045.350,1.782E-05
1045.700,1.789E-05
1046.050,1.790E-05
1046.400,1.790E-05
1046.750,1.793E-05
1047.100,1.795E-05
1047.450,1.796E-05
1047.800,1.801E-05
1048.150,1.804E-05
1048.500,1.804E-05
1048.850,1.798E-05
1049.200,1.796E-05
1049.550,1.800E-05
1049.900,1.798E-05
1050.250,1.746E-05
1050.600,1.754E-05
1050.950,1.760E-05
1051.300,1.759E-05
1051.650,1.761E-05
1052.000,1.756E-05
1052.350,1.753E-05
1052.700,1.762E-05
1053.050,1.762E-05
1053.400,1.763E-05
1053.750,1.764E-05
1054.100,1.761E-05
1054.450,1.761E-05
1054.800,1.758E-05
1055.150,1.760E-05
1055.500,1.760E-05
1055.850,1.764E-05
1056.200,1.765E-05
1056.550,1.761E-05
1056.900,1.760E-05
1057.250,1.756E-05
1057.600,1.759E-05
1057.950,1.767E-05
1058.300,1.773E-05
1058.650,1.771E-05
1059.000,1.765E-05
1059.350,1.759E-05
1059.700,1.763E-05
1060.050,1.766E-05
1060.400,1.768E-05
1060.750,1.770E-05
1061.100,1.767E-05
1061.450,1.759E-05
1061.800,1.760E-05
1062.150,1.767E-05
1062.500,1.782E-05
1062.850,1.768E-05
1063.200,1.769E-05
1063.550,1.766E-05
1063.900,1.768E-05
1064.250,1.766E-05
1064.600,1.770E-05
1064.950,1.767E-05
1065.300,1.765E-05
1065.650,1.767E-05
1066.000,1.763E-05
1066.350,1.762E-05
1066.700,1.764E-05
1067.050,1.768E-05
1067.400,1.770E-05
1067.750,1.766E-05
1068.100,1.766E-05
1068.450,1.761E-05
1068.800,1.760E-05
1069.150,1.762E-05
1069.500,1.763E-05
1069.850,1.773E-05
1070.200,1.769E-05
1070.550,1.769E-05
1070.900,1.770E-05
1071.250,1.765E-05
1071.600,1.764E-05
1071.950,1.769E-05
1072.300,1.769E-05
1072.650,1.778E-05
1073.000,1.800E-05
1073.350,1.802E-05
1073.700,1.801E-05
1074.050,1.800E-05
1074.400,1.797E-05
1074.750,1.790E-05
1075.100,1.785E-05
1075.450,1.778E-05
1075.800,1.783E-05
1076.150,1.784E-05
1076.500,1.781E-05
1076.850,1.782E-05
1077.200,1.782E-05
1077.550,1.780E-05
1077.900,1.777E-05
1078.250,1.777E-05
1078.600,1.775E-05
1078.950,1.770E-05
1079.300,1.764E-05
1079.650,1.770E-05
1080.000,1.771E-05
1080.350,1.774E-05
1080.700,1.777E-05
1081.050,1.781E-05
1081.400,1.783E-05
1081.750,1.780E-05
1082.100,1.789E-05
1082.450,1.788E-05
1082.800,1.791E-05
1083.150,1.792E-05
1083.500,1.794E-05
1083.850,1.793E-05
1084.200,1.792E-05
1084.550,1.785E-05
1084.900,1.791E-05
1085.250,1.792E-05
1085.600,1.791E-05
1085.950,1.790E-05
1086.300,1.791E-05
1086.650,1.789E-05
1087.000,1.796E-05
1087.350,1.792E-05
1087.700,1.788E-05
1088.050,1.790E-05
1088.400,1.789E-05
1088.750,1.793E-05
1089.100,1.798E-05
1089.450,1.805E-05
1089.800,1.799E-05
1090.150,1.796E-05
1090.500,1.794E-05
1090.850,1.796E-05
1091.200,1.795E-05
1091.550,1.797E-05
1091.900,1.796E-05
1092.250,1.792E-05
1092.600,1.794E-05
1092.950,1.795E-05
1093.300,1.798E-05
1093.650,1.793E-05
1094.000,1.789E-05
1094.350,1.788E-05
1094.700,1.794E-05
1095.050,1.796E-05
1095.400,1.793E-05
1095.750,1.793E-05
1096.100,1.789E-05
1096.450,1.794E-05
1096.800,1.794E-05
1097.150,1.796E-05
1097.500,1.792E-05
1097.850,1.790E-05
1098.200,1.791E-05
1098.550,1.788E-05
1098.900,1.792E-05
1099.250,1.790E-05
1099.600,1.792E-05
1099.950,1.788E-05
1100.300,1.783E-05
1100.650,1.783E-05
1101.000,1.785E-05
1101.350,1.786E-05
1101.700,1.780E-05
1102.050,1.778E-05
1102.400,1.777E-05
1102.750,1.777E-05
1103.100,1.781E-05
1103.450,1.776E-05
1103.800,1.773E-05
1104.150,1.770E-05
1104.500,1.765E-05
1104.850,1.769E-05
1105.200,1.771E-05
1105.550,1.769E-05
1105.900,1.769E-05
1106.250,1.769E-05
1106.600,1.767E-05
1106.950,1.762E-05
1107.300,1.763E-05
1107.650,1.758E-05
1108.000,1.755E-05
1108.350,1.755E-05
1108.700,1.752E-05
1109.050,1.750E-05
1109.400,1.750E-05
1109.750,1.748E-05
1110.100,1.752E-05
1110.450,1.745E-05
1110.800,1.747E-05
1111.150,1.744E-05
1111.500,1.746E-05
1111.850,1.749E-05
1112.200,1.753E-05
1112.550,1.753E-05
1112.900,1.753E-05
1113.250,1.747E-05
1113.600,1.749E-05
1113.950,1.749E-05
1114.300,1.751E-05
1114.650,1.748E-05
1115.000,1.743E-05
1115.350,1.737E-05
1115.700,1.736E-05
1116.050,1.740E-05
1116.400,1.737E-05
1116.750,1.738E-05
1117.100,1.733E-05
1117.450,1.733E-05
1117.800,1.736E-05
1118.150,1.741E-05
1118.500,1.735E-05
1118.850,1.735E-05
1119.200,1.731E-05
1119.550,1.736E-05
1119.900,1.727E-05
1120.250,1.723E-05
1120.600,1.728E-05
1120.950,1.738E-05
1121.300,1.728E-05
1121.650,1.726E-05
1122.000,1.714E-05
1122.350,1.710E-05
1122.700,1.718E-05
1123.050,1.733E-05
1123.400,1.732E-05
1123.750,1.718E-05
1124.100,1.729E-05
1124.450,1.733E-05
1124.800,1.736E-05
1125.150,1.721E-05
1125.500,1.711E-05
1125.850,1.721E-05
1126.200,1.731E-05
1126.550,1.734E-05
1126.900,1.733E-05
1127.250,1.728E-05
1127.600,1.713E-05
1127.950,1.717E-05
1128.300,1.728E-05
1128.650,1.732E-05
1129.000,1.726E-05
1129.350,1.725E-05
1129.700,1.712E-05
1130.050,1.716E-05
1130.400,1.729E-05
1130.750,1.730E-05
1131.100,1.730E-05
1131.450,1.729E-05
1131.800,1.731E-05
1132.150,1.726E-05
1132.500,1.722E-05
1132.850,1.722E-05
1133.200,1.720E-05
1133.550,1.712E-05
1133.900,1.710E-05
1134.250,1.701E-05
1134.600,1.673E-05
1134.950,1.673E-05
1135.300,1.702E-05
1135.650,1.712E-05
1136.000,1.695E-05
1136.350,1.702E-05
1136.700,1.714E-05
1137.050,1.716E-05
1137.400,1.709E-05
1137.750,1.709E-05
1138.100,1.711E-05
1138.450,1.702E-05
1138.800,1.703E-05
1139.150,1.708E-05
1139.500,1.712E-05
1139.850,1.708E-05
1140.200,1.706E-05
1140.550,1.702E-05
1140.900,1.695E-05
1141.250,1.698E-05
1141.600,1.701E-05
1141.950,1.702E-05
1142.300,1.705E-05
1142.650,1.709E-05
1143.000,1.710E-05
1143.350,1.711E-05
1143.700,1.705E-05
1144.050,1.695E-05
1144.400,1.688E-05
1144.750,1.696E-05
1145.100,1.700E-05
1145.450,1.705E-05
1145.800,1.712E-05
1146.150,1.713E-05
1146.500,1.707E-05
1146.850,1.706E-05
1147.200,1.708E-05
1147.550,1.709E-05
1147.900,1.717E-05
1148.250,1.720E-05
1148.600,1.717E-05
1148.950,1.719E-05
1149.300,1.722E-05
1149.650,1.711E-05
1150.000,1.716E-05
